0.7797438098
0.7827818657
0.7837924229
0.7791781896
0.7982274294
0.7801629354
0.7772099334
0.7628694987
0.7724307328
0.7608823629
0.7748344835
0.7881762730
0.7694674207
0.7769326740
0.7679836141
0.7667250831
0.7627216179
0.8222972625
0.7721244483
0.7649071541
0.7605517515
0.7611171822
0.7631202652
0.7655727358
0.7863387176
0.7792145413
0.7684726915
0.7585641747
0.7622553528
0.7723496134
0.7696120503
0.7638824955
0.7623850893
0.7628449190
0.7612434073
0.7621506073
0.7625409524
0.7641746788
0.7650215543
0.7658492324
0.7672272585
0.7680979622
0.7673815790
0.7667824104
0.7670976744
0.7661394885
0.7649359466
0.7662025659
0.7671695793
0.7662433792
0.7660479878
0.7650624509
0.7653497335
0.7653979481
0.7657078171
0.7667181594
0.7666672028
0.7699537056
0.7522305504
0.7697708110
0.7715684964
0.7743438976
0.7629070819
0.7633611059
0.7667937639
0.7627314238
0.7643595832
0.7642747915
0.7637368625
0.7629487121
0.7617394140
0.7604601381
0.7605856924
0.7596963867
0.7591581847
0.7593019310
0.7586142456
0.7595973266
0.7589929209
0.7591217649
0.7583268837
0.7576810702
0.7566148082
0.7551081440
0.7549689028
0.7531030479
0.7533202971
0.7524280940
0.7514554149
0.7517253182
0.7513024827
0.7499216238
0.7496408953
0.7479097355
0.7700373718
0.7451876298
0.7455071726
0.7420730835
0.7404667719
0.7390770803
0.7381717427
0.7374382033
0.7500428130
0.7331082361
0.7318647586
0.7292021843
0.7290771554
0.7284193439
0.7229527131
0.7209779704
0.7194623794
0.7166461573
0.7146402482
0.7307350744
0.7088555146
0.7132591759
0.7038483069
0.7017398479
0.7421280082
0.6973844788
0.6906637493
0.6870844499
0.6779083401
0.6795817381
0.6767216070
0.6723628481
0.6687850301
0.6639851312
0.6599487656
0.6549430043
0.6493479920
0.6437993270
0.6404884384
0.6368347984
0.6279990532
0.6223015387
0.6174293827
0.6120448024
0.6058129343
0.6007223410
0.5958355958
0.5884842473
0.5833757698
0.5779707493
0.5668667755
0.5610099682
0.5574004370
0.5529195882
0.5494593453
0.5417811172
0.5573435238
0.5365784942
0.5364817978
