0.8308943728
0.8303719223
0.8314406728
0.8292523258
0.8234242491
0.8297406076
0.8276482605
0.8281054233
0.8664238981
0.8339383759
0.8417144410
0.8318705967
0.8170505153
0.8177046835
0.8088196188
0.8077410118
0.8115047909
0.8152937253
0.8124979529
0.8113345395
1.2597729749
0.8220393993
0.4779726763
0.8184798798
0.8453982074
0.8443519421
0.8058248810
0.8234062107
0.8254851667
0.8245600504
0.8266183679
0.8320337540
0.8313178766
0.8391604453
0.8377931453
0.8302070550
0.8314436061
0.8308218453
0.8321078422
0.8329168373
0.8311018301
0.8311314816
0.8308442946
0.8326485982
0.8326431871
0.8328580031
0.8306815657
0.8187730516
0.8273586848
0.8255090863
0.8240424807
0.8231806022
0.8235211061
0.8200505910
0.8212047477
0.8184349939
0.8172107385
0.8134189924
0.8071414276
0.8097711116
0.8096469400
0.8079839621
0.8065984199
0.8073651155
0.8058867979
0.8072927238
0.8046557938
0.8054445982
0.8067096844
0.8034279366
0.8027735771
0.8025714774
0.8011063255
0.7932116470
0.7985762708
0.7987408946
0.7978185892
0.7975611422
0.7972609145
0.7973495319
0.7954978140
0.7941902968
0.7921842261
0.7925314620
0.7908089271
0.7903502548
0.7888996959
0.7881368388
0.7882602358
0.7876401909
0.7865865134
0.7857385289
0.7843862446
0.7837679925
0.8098530682
0.7813306436
0.7800236631
0.7779695005
0.7774609122
0.7764385674
0.7757693221
0.7755222812
0.7909874590
0.7729956445
0.7741405127
0.7713228713
0.7709129996
0.7693474742
0.7668892134
0.7658407159
0.7645960879
0.7634367903
0.7617623545
0.7834251903
0.7590640970
0.7638366446
0.7541247316
0.7511920769
0.7485862781
0.7523732385
0.7435238456
0.7389625876
0.7346899554
0.7312489625
0.7290291972
0.7254661419
0.7221182080
0.7183605977
0.7159096680
0.7123061856
0.7083338982
0.7058109274
0.7023211404
0.7005507668
0.6950886787
0.6919389044
0.6886125403
0.6843503722
0.6809866061
0.6783020482
0.6754894326
0.6725908968
0.6707735799
0.6688477430
0.6671053841
0.6660372500
0.6649463452
0.6640304922
0.6639416126
0.6636278382
0.6628863844
0.6624387165
0.6680363437
