0.8270053796
0.8208052352
0.8176717560
0.8148446829
0.8192605811
0.8173134409
0.8234470222
0.8248112716
0.8259514140
0.8269362748
0.8253144286
0.8219500552
0.8198522013
0.8166523261
0.8083038356
0.8112512575
0.8066034537
0.8159506580
0.8181558446
0.8216949929
0.8218514871
0.8238239476
0.8250197420
0.8252190326
0.8245990059
0.8550813747
0.8237912824
0.8234995506
0.8215757884
0.8228265714
0.8194783677
0.8215706532
0.8200825154
0.8197690309
0.8208736995
0.8206490406
0.8218951546
0.8207854963
0.8199608059
0.8192356307
0.8163569336
0.8139241581
0.8151031974
0.8133860869
0.8116404215
0.8081355964
0.8050552791
0.8018973894
0.7980490418
0.7955422746
0.7936239396
0.7915662344
0.7924873584
0.7911782857
0.7917392017
0.7934445536
0.7951008362
0.7948103601
0.7970291498
0.7957290928
0.7971696613
0.7965311289
0.7955084560
0.7950776487
0.7956127847
0.7948936476
0.7945804230
0.7955615973
0.7937661745
0.7933722874
0.7923104932
0.7918105844
0.8002889482
0.7919231775
0.7938386012
0.7980617051
0.7961065090
0.7983661682
0.7994297311
0.8015739333
0.8022447313
0.8041840004
0.8044285317
0.8050943550
0.8045615399
0.8067691663
0.8049232653
0.8051285096
0.8034240052
0.8035821985
0.8023201539
0.7982706870
0.7953635913
0.7922667705
0.8107513323
0.7849778397
0.7846860158
0.7753553531
0.7751667250
0.7704559296
0.7691189160
0.7668648406
0.7834190634
0.7629530976
0.7610457432
0.7587908906
0.7544254237
0.7524580356
0.7474959766
0.7451771058
0.7426464736
0.7410228180
0.7395097178
0.7584584634
0.7382343895
0.7394413310
0.7387710268
0.7367841344
0.7365947678
0.7398640434
0.7358620817
0.7347808992
0.7326535684
0.7306813292
0.7307455782
0.7299128501
0.7266179172
0.7251394114
0.7228312818
0.7215365028
0.7188442174
0.7175514406
0.7171204412
0.7156820367
0.7142850623
0.7133750373
0.7129327501
0.7116886836
0.7121825492
0.7120140958
0.7110627640
0.7129104465
0.7143478709
0.7147251220
0.7175426169
0.7196021133
0.7111154240
0.7272930222
0.7304334431
0.7302651444
0.6973249412
0.7243603921
0.7310606443
