0.8230419165
0.8230070443
0.8228128491
0.8157052773
0.8178768427
0.8076980879
0.8024007248
0.8018733781
0.7994313952
0.7972479232
0.7912245765
0.7952057672
0.7977134942
0.8482891713
0.7948910635
0.7977152034
0.7984288169
0.7984435191
0.7904286600
0.7996406265
0.8021507528
0.8064840038
0.8153084170
0.7992821815
0.8294400978
0.8303681693
0.8119910305
0.8168366113
0.7891377879
0.8180282840
0.8131094697
0.7977128846
0.8037439772
0.8108598181
0.8003756154
0.8089504169
0.7821750101
0.7947923996
0.7938225943
0.7929961502
0.7813714671
0.7829837615
0.7710854591
0.8014923443
0.8025712774
0.8035880096
0.8030058297
0.8042213011
0.8020720376
0.8012314859
0.8002615188
0.7999775214
0.8002002487
0.8000512463
0.7987790578
0.7987676278
0.7984406639
0.7945036120
0.7897859839
0.7885949266
0.7845689512
0.7830806093
0.7808347128
0.7801292459
0.7792159088
0.7785566306
0.7789305523
0.7782560368
0.7792113036
0.7770768838
0.7772582886
0.7675252506
0.7739492390
0.7730416181
0.7725163388
0.7729849866
0.7738625334
0.7750096650
0.7751475693
0.7770133641
0.7766344286
0.7772579426
0.7761497452
0.7766461362
0.7772038908
0.7783223606
0.7782216734
0.7788734597
0.7698279322
0.7829654130
0.7809763931
0.7826003883
0.7797646571
0.7804302309
0.8006644388
0.7764201289
0.7777677294
0.7757662192
0.7750697365
0.7738489327
0.7749597488
0.7748320126
0.7898386545
0.7738114098
0.7738436423
0.7761791188
0.7722836940
0.7708300595
0.7680926773
0.7672225572
0.7650853239
0.7637929325
0.7624619968
0.7794246884
0.7598467532
0.7587178196
0.7558495265
0.7541958755
0.7523734170
0.7503278380
0.7463841876
0.7447212252
0.7414681556
0.7389115602
0.7376450160
0.7351832067
0.7336514304
0.7335827694
0.7326838963
0.7308047705
0.7305824919
0.7299237375
0.7300633860
0.7281906135
0.7274538134
0.7252775366
0.7243987735
0.7234103524
0.7207424246
0.7193339720
0.7195110664
0.7179351018
0.7171883306
0.7186155360
0.7192239153
0.7205264723
0.7212469065
0.7221227053
0.7236447454
0.7243711933
0.7255842710
0.7261372381
0.7280073350
