0.6723249928
8.5251841059
0.8313899259
0.8398375119
0.8262665442
0.8323801572
0.8257676074
0.8271216459
0.8253442839
0.8278989322
0.8253941902
0.8209662427
0.8221820218
0.8166934867
0.8099761754
0.8043398692
0.7988072349
0.8150923901
0.8097160994
0.8048033022
0.8118598266
0.8702450082
0.8085983333
0.8052121578
0.8360939842
0.8287636966
0.8031943460
0.7941960767
0.7907056148
0.7895653327
0.7907880815
0.8074513339
0.8274264766
0.7811115953
0.8099235281
0.8118073845
0.8130473126
0.8130733991
0.8142278326
0.7935548770
0.8135852884
0.8120956794
0.8118622082
0.8089642429
0.8057598124
0.8048839368
0.7999464563
0.8229626489
0.7999269115
0.7993935538
0.8008958398
0.8006467622
0.8049229048
0.8074530815
0.8106566716
0.8148479631
0.8135992495
0.8144670255
0.8014646809
0.8111163635
0.8095952896
0.8095554898
0.8053228071
0.8025251449
0.8016711169
0.8012795735
0.8007884434
0.8015126621
0.8020390771
0.8017706509
0.8023940433
0.8051386486
0.8039042825
0.8068508480
0.8077806440
0.8089918793
0.8112167449
0.8123940297
0.8144472527
0.8146426324
0.8164941100
0.8161778196
0.8165972071
0.8157113530
0.8145621807
0.8143868498
0.8119792631
0.8113942902
0.8095083410
0.8079594194
0.8060095756
0.8028642410
0.7998055468
0.7993399266
0.8214937662
0.8029513230
0.7939800148
0.7919898803
0.7995340268
0.7882781560
0.7876612031
0.7870324912
0.7998369929
0.7839672550
0.7830010178
0.7807925792
0.7792657320
0.7777530838
0.7745657083
0.7732539369
0.7721906726
0.7709598432
0.7685122307
0.7830343255
0.7659221197
0.7704337432
0.7642640264
0.7626207947
0.7613745601
0.7628353895
0.7541880615
0.7544811910
0.7486473430
0.7473527537
0.7424277657
0.7550901696
0.7618207825
0.7425304317
0.7414829278
0.7406805215
0.7343339288
0.7338410187
0.7318015221
0.7311849902
0.7292928042
0.7313099286
0.7287969522
0.7280822179
0.7302382054
0.7253204629
0.7246925103
0.7250689436
0.7262047159
0.7280429422
0.7243409908
0.7269917536
0.7315723935
0.7337788563
0.7356879337
0.7401618537
0.7401037125
0.7398949353
0.7438811970
