0.8145913625
0.8197961943
0.8046522612
0.8135243458
0.8006571232
0.7819242441
0.7936387845
0.7923532105
0.7884546861
0.8576258145
0.7960098836
0.8056228469
0.8088537913
0.7885823034
0.8029930100
0.8010204021
0.8002969859
0.8365522464
0.8048963556
0.8040537187
0.8015876953
0.7990958999
0.7956334028
0.7917151072
0.7922297343
0.8202962896
0.7938871834
0.7924820520
0.7912315947
0.7903558904
0.7900977214
0.7892364741
0.7900715957
0.7905699532
0.7907961384
0.7917028881
0.7925706639
0.7939665571
0.7955419780
0.7978928815
0.7983167680
0.8008203535
0.8047008417
0.8082339481
0.8100847649
0.8125506042
0.8126637717
0.8279991645
0.8102804394
0.7981742787
0.8063909149
0.7985638205
0.8101289620
0.8108347986
0.7935521832
0.8115996910
0.8100765528
0.8084893787
0.7964070472
0.8055417661
0.8045608239
0.8053869302
0.8082515731
0.8085828785
0.8085642633
0.8100506515
0.8116609114
0.8130070311
0.8101133692
0.8094320745
0.8084286877
0.8047490914
0.8027493137
0.7990306588
0.7971654802
0.7946058726
0.7751384631
0.7928624824
0.7931730148
0.7949031057
0.7954195905
0.7978845606
0.7977482072
0.7988077845
0.7989473006
0.8034617485
0.7989200306
0.8100104196
0.7944680034
0.7953917849
0.7890223437
0.7847089671
0.7803856618
0.7786058509
0.7919050408
0.7711617147
0.7689887997
0.7677329394
0.7655280226
0.7346062977
0.7603689883
0.7584835160
0.7687183267
0.7544038119
0.7520733868
0.7527027256
0.7497915495
0.7507596655
0.7487944434
0.7475165585
0.7462410272
0.7455856152
0.7446202772
0.7597297197
0.7485730215
0.7387384023
0.7374118778
0.7367827284
0.7348014514
0.7061757458
0.7323046005
0.7290946279
0.7272552015
0.7249257128
0.7230450408
0.7210283488
0.7219474974
0.7200029176
0.7265775170
0.7180020602
0.7272243085
0.7268493370
0.7270134077
0.7286358657
0.7284139993
0.7274206492
0.7271575945
0.7271904870
0.7265855262
0.7272178047
0.7275209925
0.7289190611
0.7302323751
0.7312684661
0.7386799570
0.7352328202
0.7368798071
0.7434122799
0.7413794389
0.7324519952
0.7398723031
0.7415333706
0.7061514225
