0.8413466303
0.8385816907
0.8364675597
0.8340607030
0.8371681624
0.8380162840
0.8404599808
0.8402066317
0.8407764770
0.8416067312
0.8404732224
0.8439328412
0.8439310092
0.8366206010
0.8350470246
0.8478247642
0.8420451865
0.8469339799
0.8391384760
0.8460060247
0.8480297988
0.8415650654
0.8095130136
0.8250915761
0.8456897862
0.8425770981
0.8287327428
0.8274597043
0.8260324656
0.8159264532
0.8171549035
0.8178907108
0.8142063859
0.8166086188
0.8088440673
0.7776914949
0.8075725079
0.8053239139
0.8041988358
0.8025928854
0.8026482024
0.8031586679
0.8050832197
0.8052088434
0.8073442183
0.8085961047
0.8080511811
0.8122896637
0.8096763166
0.8109257965
0.8122525587
0.8142987705
0.8156232424
0.8173107321
0.8201124127
0.8208352919
0.8238909702
0.8319367322
0.8216232726
0.8227703097
0.8213811437
0.8208875584
0.8202003564
0.8205463470
0.8202260362
0.8195544720
0.8219892787
0.7954796351
0.8181658220
0.8165317627
0.8159351995
0.8128652773
0.8106737190
0.8094891492
0.8071120992
0.8068184945
0.8025117937
0.8062100363
0.8054805554
0.8056985413
0.8061410289
0.8067724047
0.8134157758
0.8074491201
0.8154431374
0.8085618534
0.8104420053
0.8067264554
0.8071793296
0.8096565903
0.8092919473
0.8116547309
0.8098004670
0.8099482259
0.8347973311
0.8085350256
0.8084478992
0.8081660975
0.8067791903
0.8055696333
0.8048677662
0.8046205090
0.8229141059
0.8026382856
0.7991733223
0.7994234056
0.7981467748
0.7964678579
0.7932666479
0.7914801864
0.7902907901
0.7870818179
0.7863108837
0.8084256705
0.7833051450
0.7888117271
0.7810658540
0.7807094881
0.7794735063
0.7838311321
0.7746847827
0.7737736031
0.7703701571
0.7685930093
0.7662074710
0.7651270462
0.7628972287
0.7610847200
0.7598124367
0.7579208566
0.7571439154
0.7539644629
0.7528576508
0.7516525922
0.7488543805
0.7465043046
0.7447758496
0.7419056422
0.7417008526
0.7393079286
0.7385296003
0.7372926067
0.7367601620
0.7367844079
0.7373459646
0.7381508159
0.7386319406
0.7402673362
0.7405806429
0.7413982658
0.7424097555
0.7418404112
0.7041968138
