0.7993774407
0.8107699722
0.8086898893
0.8036924174
0.8096512047
0.8035695749
0.7979169176
0.7971001122
0.7953624898
0.8021922200
0.5169933873
0.7840602200
0.7933928386
0.7922572114
0.7912149219
0.7794419191
0.7873927149
0.7886241787
0.7854223780
0.7874355162
0.7900904771
0.7893924858
0.7900777560
0.7922804174
0.7938106495
0.7965953602
0.8233595026
0.7953013263
0.7934975476
0.7939084456
0.7952730638
0.7962189368
0.7971358787
0.7978353840
0.7965763330
0.7949137057
0.7937855212
0.7940989462
0.7864009343
0.7884498729
0.7703761693
0.7951893168
0.7897764392
0.7944645465
0.7931372737
0.7789260137
0.7533032996
0.7984566858
0.7992755737
0.8031813135
0.8037263247
0.8069310989
0.8052996984
0.8150712381
0.7997333213
0.7944332330
0.7936462062
0.7960730637
0.7873656029
0.7935094852
0.7885617965
0.7873625801
0.8064434730
0.7851824216
0.7843544779
0.7832808879
0.7796011862
0.7862876832
0.7856107635
0.7888012624
0.7851072023
0.7873795057
0.7836129185
0.7521694091
0.7847258476
0.7799547827
0.7865919869
0.7899690809
0.7948192828
0.7910355791
0.7922012334
0.7893027636
0.7929404697
0.7876391164
0.7873321373
0.7861893575
0.7912364080
0.7867980907
0.7890579486
0.7863874227
0.7886036086
0.7855882551
0.7859397314
0.7829716746
0.8151444845
0.7831183846
0.7874962350
0.7824785825
0.7829596386
0.7826133673
0.7824461439
0.7823182273
0.7993664845
0.7809130664
0.7817447696
0.7797304291
0.7782704308
0.7767054422
0.7740437974
0.7719968525
0.7709383252
0.7689846871
0.7675380981
0.7884538992
0.7643995783
0.7622493752
0.7607016167
0.7590879744
0.7564025964
0.7542931171
0.7472066704
0.7494695778
0.7457799470
0.7428577462
0.7411020266
0.7387988156
0.7346559601
0.7320038615
0.7300228070
0.7258904842
0.7221771220
0.7196073826
0.7168568819
0.7133118154
0.7093907753
0.7043921069
0.7016804768
0.6978396482
0.6944889673
0.6898104363
0.6869243409
0.6831535584
0.6802956803
0.6811212193
0.6744987579
0.6758646161
0.6735886289
0.6762268041
0.6747516264
0.6738932183
0.6764669834
0.6648886633
0.6729742233
