0.8173934711
0.7924111169
0.8109014922
0.8053809736
0.8012341236
0.8032702735
0.8071767085
0.8015571870
0.8103598459
0.8575781765
0.8156253081
0.8195778601
0.8063820874
0.8095274905
0.8099281069
0.8122485672
0.8091013977
0.8116111084
0.8126579488
0.8267456016
0.8196158816
0.8143359462
0.8132142258
0.8091351745
0.8126002196
0.8337158704
0.8093859290
0.8081261271
0.8093103005
0.8092025189
0.8123720711
0.8173776753
0.8213569086
0.8235999657
0.8233479589
0.8221412591
0.8188930704
0.8175820806
0.8168644144
0.8146789100
0.8132152316
0.8116546244
0.8076430926
0.8056417566
0.8018391290
0.8017269765
0.7984018077
0.7961680426
0.7954705557
0.7939953417
0.7936056044
0.7967935267
0.7993392906
0.8023360023
0.8026856831
0.8028802781
0.8033958772
0.7993245572
0.7987205944
0.8193400031
0.7948313674
0.7921782226
0.7940925729
0.7920414593
0.7936924429
0.7953289850
0.7988863178
0.7987389917
0.8029540012
0.8065470945
0.8070030600
0.8085251540
0.8084916070
0.8085554294
0.8091613068
0.8088548847
0.8214314293
0.8072437633
0.8070976989
0.8063386133
0.8054001528
0.8047657875
0.8031233042
0.8022152501
0.7992983007
0.7981766990
0.7964603587
0.7954224181
0.7950355557
0.7960824337
0.7957852752
0.7956087753
0.7945211366
0.7949106396
0.8169176263
0.7914821893
0.7899916906
0.7874626819
0.7863614340
0.7835994929
0.7826480292
0.7811058662
0.7961304607
0.7771023823
0.7742074116
0.7708581091
0.7681913709
0.7645709691
0.7606431369
0.7574510292
0.7545917027
0.7516470688
0.7489307132
0.7643109093
0.7437505651
0.7424803370
0.7403478014
0.7396620243
0.7388186396
0.7378762084
0.7362258614
0.7362004964
0.7321279354
0.7327466524
0.7317786420
0.7289306128
0.7284688753
0.7271238293
0.7262788395
0.7251793721
0.7249832088
0.7243647570
0.7229534493
0.7228899112
0.7200043069
0.7190368257
0.7189380866
0.7175613001
0.7165483776
0.7167705090
0.7163151513
0.7156659325
0.7170574651
0.7173481031
0.7191087274
0.7214895119
0.7234808310
0.7267235173
0.7270464789
0.7289598440
0.7311981924
0.7319563478
0.7332125961
