0.8044152521
0.8131393361
0.8094927785
0.8097761764
0.8084098304
0.8037960779
0.8065719808
0.8057034646
0.8025065546
0.8015375443
0.8013088708
0.8003294568
0.7988441413
0.7972094533
0.7963945534
0.7925140216
0.7943508373
0.7940794188
0.7957152430
0.7940513133
0.8007446618
0.7969049980
0.8046060021
0.8009482028
0.8441696549
0.8447569905
0.7971263786
0.7989431296
0.7973099453
0.8011059126
0.8017877273
0.8033112063
0.8042024492
0.8035534639
0.8039110736
0.8047462951
0.8054724847
0.8069300447
0.8076471713
0.8088507783
0.8103190045
0.8111359346
0.8113751013
0.8129369094
0.8099240422
0.8116946154
0.8132772354
0.8127411863
0.8138388630
0.8138401886
0.8146154919
0.8147033251
0.8149036813
0.8141858009
0.8141213833
0.8141351108
0.8138012640
0.8140253508
0.8025971079
0.8041910578
0.8125108790
0.8128892172
0.8285305566
0.8110988645
0.8117931993
0.8116263270
0.8114083861
0.8105388565
0.8099380046
0.8085521169
0.8065570810
0.8061771360
0.8049372256
0.8028654840
0.8038888244
0.8022416067
0.8028126064
0.8023895769
0.8014800559
0.8002669992
0.7993050147
0.8160111689
0.7973775709
0.7952360342
0.7946363431
0.7939751661
0.7928059289
0.7911002647
0.7919926915
0.7884537969
0.7874271647
0.7872944132
0.7863359094
0.7845662342
0.8016589116
0.7820324652
0.7438210050
0.7788799031
0.7782830191
0.7763599898
0.7753691907
0.7742943644
0.7791263205
0.7717233701
0.7692365248
0.7561021914
0.7658984256
0.7651802156
0.7625555815
0.7625266156
0.7600231716
0.7579485700
0.7584214318
0.7568058073
0.7612901039
0.7502664956
0.7478764082
0.7462120281
0.7431191533
0.7407443739
0.7404969567
0.7391289553
0.7332643010
0.7482154976
0.7307421013
0.7307875058
0.7215345241
0.7230448537
0.7247647840
0.7177674437
0.7123159322
0.7150683804
0.7136731622
0.7117256723
0.7108097667
0.7089253775
0.7125972130
0.6906927163
0.7081799194
0.7055238514
0.6996304712
0.7033147222
0.7198039663
0.6996950849
0.6933579901
0.6963599084
0.6915188350
0.6944557836
0.6894357929
0.6871246051
0.6871211745
0.6842014608
0.6834555637
