0.7887281796
0.7874371490
0.8182603785
0.7852009865
0.7294576098
0.7899408541
0.7892405604
0.7881452998
0.7887258441
0.7877758473
0.7864582354
0.7886940473
0.7895014151
0.7925628820
0.7930721522
0.7894799640
0.7804018606
0.7829690331
0.7924474582
0.7900647218
0.7854718837
0.7910099365
0.7883388550
0.7879336408
0.7861363727
0.8019077340
0.7803567799
0.7807977517
0.7817259663
0.7794867686
0.7809102986
0.7819968152
0.7824700067
0.7818887289
0.7825427821
0.7810273834
0.7882722909
0.7891352190
0.7882918564
0.7870708198
0.7873872615
0.7931146145
0.7926796233
0.7920347070
0.7808321708
0.8000150829
0.7955571682
0.7727980427
0.7870713119
0.7996343956
0.8048249785
0.7834193800
0.8032013104
0.7996273272
0.8092183951
0.7787215253
0.8005846942
0.8022241723
0.8014658276
0.8007065803
0.8004927247
0.8026251483
0.7994811279
0.7998217919
0.8000564423
0.7997889443
0.7998317122
0.7992782670
0.7989453825
0.8028207741
0.8016194228
0.7983878496
0.7998355394
0.8052130559
0.7938038910
0.7706521089
0.7923723074
0.8019541434
0.7907079503
0.7901099931
0.7889034609
0.7881650822
0.7866716081
0.7849706983
0.7845353418
0.7822838736
0.7819848322
0.7794801990
0.7788986176
0.7781405458
0.7762664779
0.7752390424
0.7740019440
0.7722764190
0.7956765075
0.7689945969
0.7668507381
0.7657569232
0.7657530067
0.7641196653
0.7637711149
0.7635254112
0.7796267268
0.7632033299
0.7617271495
0.7594925966
0.7584898229
0.7569092254
0.7553925002
0.7529306997
0.7521489557
0.7503459395
0.7491724650
0.7670873115
0.7454735905
0.7501466270
0.7432220788
0.7415274713
0.7394447366
0.7384214135
0.7340160420
0.7324724477
0.7296928100
0.7267351133
0.7245613563
0.7219274663
0.7195708394
0.7175609018
0.7145852354
0.7110076296
0.7063801737
0.7052429331
0.7032769225
0.7008597977
0.6940983428
0.6903646890
0.6873063856
0.6831118654
0.6789113437
0.6747935804
0.6719923604
0.6678241267
0.6648137471
0.6621182545
0.6592842875
0.6565654899
0.6548768444
0.6525127289
0.6508672403
0.6497824705
0.6478669700
0.6454696489
0.6444763218
