0.7739342977
0.7708501678
0.7717602552
0.7698920249
0.7710804669
0.8314436807
0.7665868418
0.7684020297
0.7780034576
0.7601217842
0.7552324485
0.7624705019
0.7611264283
0.7580504971
0.7768176449
0.7463398792
0.7587420734
0.7566909238
0.7561198151
0.7504491239
0.7590326570
0.7592225320
0.7727493501
0.7665176108
0.8096505050
0.8145083542
0.7660264137
0.7723793961
0.7287518872
0.7391304349
0.7680518319
0.7706883661
0.7731888176
0.7701020497
0.7465049851
0.7717781212
0.7730544988
0.7747128359
0.7802777527
0.7709128739
0.7779831753
0.7807527342
0.7806932499
0.7778721486
0.7821363072
0.7815983472
0.7829620183
0.7826050021
0.7837583271
0.7844758519
0.7840004773
0.7843480641
0.7834569499
0.7845827363
0.7856541254
0.7853101597
0.7761071759
0.7986119747
0.7828157277
0.7844190173
0.7681879584
0.7746504812
0.7794687606
0.7831465160
0.7999414189
0.7825414326
0.7819915400
0.7812224918
0.7808899151
0.7800185505
0.7793558059
0.7783655207
0.7776634123
0.7761246166
0.7753668087
0.7748110417
0.7749817548
0.7745699850
0.7739971834
0.7731067797
0.7730119630
0.7718509825
0.7698595162
0.7685042242
0.7676762795
0.7663306187
0.7661600042
0.7653712990
0.7648748962
0.7639198484
0.7639260622
0.7629491528
0.7611624760
0.7612739392
0.7789683464
0.7584547196
0.7567851780
0.7559021430
0.7552854012
0.7534771298
0.7528264722
0.7523900655
0.7641051524
0.7498058459
0.7472782721
0.7465016656
0.7461122207
0.7424064819
0.7346953381
0.7416024607
0.7629161501
0.7377048489
0.7398975704
0.7334860178
0.7317451289
0.7297597120
0.7275162838
0.7260695929
0.7231202828
0.7214822758
0.7179743999
0.7158382893
0.7143510389
0.7094368965
0.7070981530
0.7045210208
0.7021918975
0.6991398813
0.6958240426
0.7104583689
0.6929445230
0.6916619627
0.6850598268
0.6762110613
0.6818094710
0.6958760003
0.6706705221
0.6651283375
0.6669828683
0.6706405899
0.6611540406
0.6346020298
0.6298340472
0.6235937496
0.6131230320
0.6115752737
0.6057913068
0.5993267935
0.5927187508
0.5871817101
0.5392940601
0.5760596794
0.5680766846
