0.8115268996
0.8170972522
0.8014884332
0.8101715182
0.7979420049
0.7791776677
0.7910871452
0.7892727721
0.7868813547
0.8227687395
0.7952401869
0.8043341254
0.8030246737
0.7866695081
0.8019652453
0.7994588355
0.7991362141
0.8039716882
0.8031259820
0.8023240553
0.8003751871
0.7984190836
0.7947484140
0.7906206258
0.7920200575
0.8210509223
0.7930392287
0.7917608834
0.7907143466
0.7895004746
0.7882114073
0.7877480114
0.7891100462
0.7894645212
0.7894216241
0.7908483071
0.7904523665
0.7848942596
0.7936686119
0.7966520145
0.7983487948
0.8002424846
0.8029711140
0.8069807815
0.8096618767
0.8119465361
0.8116921573
0.8052616482
0.8096996134
0.7968592014
0.8060409650
0.7974636874
0.8089636493
0.8099598320
0.7926933783
0.8117809107
0.8095850903
0.8070293636
0.8018409844
0.8041176948
0.8035308829
0.8054399799
0.8062948925
0.8076007164
0.8082217450
0.8091079770
0.8104319162
0.8109723646
0.8089848613
0.8088175912
0.8067802174
0.8037111609
0.8022862243
0.7976253292
0.7953617898
0.7923444141
0.7740005550
0.7921553471
0.7926517682
0.7947561750
0.7950420890
0.7975647013
0.7974682508
0.7979475507
0.7985307919
0.8021776470
0.7980731218
0.8088996810
0.7934295550
0.7903562432
0.7875695172
0.7834593253
0.7792282809
0.7768041787
0.7920988166
0.7701290680
0.7689337940
0.7667108050
0.7649874373
0.7341239551
0.7597709882
0.7576286713
0.7715317816
0.7536634202
0.7518210730
0.7514759083
0.7491968189
0.7499053690
0.7480425855
0.7466634510
0.7458268940
0.7448414514
0.7434585653
0.7592660275
0.7475812428
0.7384081815
0.7369418880
0.7355381809
0.7341407695
0.7054991147
0.7316690748
0.7285640658
0.7260397593
0.7237964737
0.7220271623
0.7214768621
0.7204573776
0.7216440295
0.7209614761
0.7240739857
0.7243503395
0.7288272920
0.7264564149
0.7592540364
0.7313777088
0.7311437195
0.7243500128
0.7228051868
0.7256577517
0.7266361226
0.7269501522
0.7282842841
0.7296403411
0.7307948882
0.7377168756
0.7340645624
0.7363947642
0.7418523090
0.7405317915
0.7423859387
0.7436636984
0.7448501856
0.7052975330
