0.7704989789
0.7726400333
0.7681663441
0.7688022426
0.7670435664
0.7659875609
0.7628036070
0.7557925073
0.7598019197
0.7564736960
0.7527618486
0.7549010026
0.7534651158
0.7524221592
0.7490794055
0.7479184900
0.7429259777
0.7441042547
0.7425194811
0.7457037835
0.7470386589
0.7461909367
0.7418897158
0.7439267193
0.7435523015
0.7926302419
0.7408818770
0.7421610937
0.7424501763
0.7429928855
0.7453580656
0.7467305547
0.7478316804
0.7467585678
0.7461617333
0.7463238796
0.7471476747
0.7304799153
0.7234621680
0.7515754511
0.7515571811
0.7521265438
0.7521354553
0.7532819725
0.7528090509
0.7536591601
0.7542203041
0.7542243765
0.7565888377
0.7551250811
0.7552219949
0.7552187347
0.7553921382
0.7542161896
0.7550236189
0.7548865992
0.7536355692
0.7552087386
0.7543648096
0.7530554277
0.7525608416
0.7519401597
0.7516012498
0.7510361712
0.7511721499
0.7506912815
0.7547351476
0.7500570067
0.7502538363
0.7493885696
0.7482329501
0.7471852028
0.7462864106
0.7456779464
0.7447712256
0.7473756642
0.7450866779
0.7443371568
0.7448822287
0.7442757137
0.7431849016
0.7432989614
0.7416222074
0.7402803283
0.7396686565
0.7384266578
0.7383799461
0.7380621230
0.7397218352
0.7386411548
0.7378649359
0.7367980078
0.7362485127
0.7359857580
0.7597462515
0.7335916228
0.7334087198
0.7327435746
0.7324741440
0.7313449891
0.7302931676
0.7299732323
0.7483135183
0.7274617828
0.7260906083
0.7253033985
0.7235588198
0.7225221565
0.7400477040
0.7194324783
0.7186259088
0.7170950577
0.7153288013
0.7339539769
0.7120922931
0.7111375732
0.7079573109
0.7060962271
0.7029607946
0.7008123339
0.6977070461
0.6959436831
0.6923838694
0.6895714141
0.6875482767
0.6841541407
0.6813333011
0.6787996533
0.6813324116
0.6749673416
0.6681475193
0.6720367980
0.6654877171
0.6664361066
0.6629668080
0.6620522607
0.6755785256
0.6592276318
0.6544257027
0.6588844905
0.6215887754
0.6218441097
0.6042915974
0.5986970295
0.5929914063
0.5832068987
0.5816147870
0.5757723322
0.5699771005
0.5654144663
0.5211311210
0.5558966092
0.5515975227
