0.7462761680
0.7557453443
0.7543796083
0.7538938557
0.7536771528
0.7511652649
0.7510046395
0.7491862389
0.7450719902
0.7490824378
0.7471261480
0.7465498470
0.7464776407
0.7445652805
0.7449567911
0.7438919700
0.7611927302
0.7438259755
0.7439070860
0.7448242220
0.7453685856
0.7466122605
0.7468100561
0.7498316312
0.7577461849
0.8390175435
0.7518591389
0.7548313168
0.7561924840
0.7591154246
0.7585919592
0.7625185660
0.7631538409
0.7653377309
0.7672174388
0.7685781403
0.7701601829
0.7717002610
0.7743442021
0.7753788474
0.7774763672
0.7795026848
0.7806195751
0.7814126925
0.7837475291
0.7844813708
0.7854836543
0.7807047729
0.7886939399
0.7898750949
0.7911389695
0.7918070561
0.7931464033
0.7932628829
0.7936557641
0.7946922758
0.7953620729
0.7957496575
0.7962291980
0.7962270941
0.7965765164
0.7964632313
0.7966697788
0.7974510892
0.7882237063
0.7973708107
0.7974971443
0.7976190719
0.7976328196
0.7975741064
0.7973285961
0.7972125122
0.7967972699
0.7962621444
0.7956679091
0.7953787668
0.7949367442
0.7953857404
0.7944148040
0.7935666777
0.7933180669
0.7928928809
0.7922241200
0.7916091016
0.7912672243
0.7908212016
0.7895373538
0.7893760011
0.7890871931
0.7884023503
0.7887156090
0.7871292110
0.7862877189
0.7851428658
0.7949899180
0.7834858536
0.7842720366
0.7825827586
0.7821916864
0.7811562262
0.7805586859
0.7795206156
0.7862184181
0.7775129148
0.7768585816
0.7766906099
0.7746672131
0.7747271095
0.7722510536
0.7714254448
0.7707085002
0.7681802749
0.7683581232
0.7556931663
0.7660679013
0.7652679231
0.7638961072
0.7625631216
0.7610872520
0.7592500058
0.7569566720
0.7565569381
0.7532358673
0.7531211561
0.7562232797
0.7521053184
0.7500246571
0.7503985345
0.7491974776
0.7506485975
0.7450578387
0.7637177116
0.7499920110
0.7453608601
0.7494768114
0.7437903968
0.7469505441
0.7388303131
0.7432987938
0.7425204273
0.7376000552
0.7386996346
0.7397313694
0.7399169653
0.7367363358
0.7366683813
0.7336430050
0.7329080984
0.7307042909
0.6844054150
0.6798415969
0.7271465662
0.7290894841
