0.7977007707
0.7945832087
0.7930638311
0.7954651258
0.7951800294
0.8340640737
0.7931643386
0.7382469935
0.7871468017
0.7832211373
0.7866085844
0.7905136426
0.7621536538
0.7900587127
0.7857972759
0.7800987392
0.7791001295
0.7788628228
0.7793994081
0.7788420670
0.7798588340
0.7790608511
0.7810555896
0.7794664545
0.7814082012
0.8284496441
0.8075743648
0.7798145833
0.7753210152
0.7842726985
0.7884677380
0.7886778207
0.7901815669
0.7923368887
0.7925442080
0.7933738340
0.7949911743
0.7965750138
0.7983906342
0.7995725715
0.8006433938
0.8021032962
0.8032178923
0.8037503486
0.8051614906
0.8057839124
0.8059812203
0.8076271352
0.8084892113
0.8095386482
0.8098354604
0.8098126572
0.8111785798
0.8108699424
0.8110663177
0.8116954306
0.8110865426
0.8119232468
0.8144472663
0.8122368340
0.8129673098
0.8120916852
0.8124281813
0.8119559986
0.8119893144
0.8117112135
0.8116912327
0.8112632202
0.8112845542
0.8113311453
0.8106490762
0.8101230829
0.8094018828
0.8091411705
0.8085700516
0.8080884223
0.7958161530
0.8064939780
0.8061710232
0.8059988957
0.8044663998
0.8038704199
0.8028563931
0.8025336184
0.8013437492
0.8002266169
0.7999902158
0.7993840321
0.7987943184
0.7972207078
0.7969231614
0.7955834681
0.7950384518
0.7938938029
0.8001894372
0.7920748225
0.7925630507
0.7901043593
0.7892707524
0.7879972016
0.7872789566
0.7865834013
0.7902320614
0.7830663501
0.7824608673
0.7804753173
0.7801729723
0.7793490352
0.7772343867
0.7753115549
0.7647072862
0.7718372836
0.7740904538
0.7744919658
0.7693450617
0.7683597853
0.7667691506
0.7641611208
0.7628105658
0.7610374225
0.7588108069
0.7570224004
0.7545856038
0.7525173319
0.7514326509
0.7494172342
0.7471639155
0.7450357386
0.7426178157
0.7394990271
0.7364077518
0.7344747655
0.7323586420
0.7305882343
0.7259561630
0.7229862703
0.7205597824
0.7175657611
0.7140045543
0.7108796040
0.7081660245
0.7037766473
0.7011304191
0.6971484792
0.6928264494
0.6884322031
0.6783676992
0.6815072824
0.6770509430
0.6311757803
0.6322481507
0.6651962721
0.6594727972
