0.0001199211
0.0001082025
0.0000820085
0.0000882711
0.0000824772
0.0000854580
0.0000852043
0.0001170712
0.0000903013
0.0000961835
0.0001171680
0.0001184309
0.0001047791
0.0001110000
0.0001138494
0.0001407417
0.0001120683
0.0001210220
0.0001250348
0.0001283086
0.0001145748
0.0001193933
0.0001265672
0.0001132435
0.0001116486
0.0001216376
0.0001192909
0.0001194456
0.0001191151
0.0001276427
0.0001262118
0.0001320746
0.0001303427
0.0001278272
0.0001290012
0.0001315522
0.0001376735
0.0001428412
0.0001386229
0.0001430202
0.0001389427
0.0001422746
0.0001452196
0.0001415832
0.0001428396
0.0001472787
0.0001424846
0.0001411139
0.0001498277
0.0001446687
0.0001472096
0.0001442719
0.0001445156
0.0001499857
0.0001468710
0.0001502788
0.0001510263
0.0001501599
0.0001161395
0.0001522210
0.0001498897
0.0001475701
0.0001472892
0.0001518776
0.0001384160
0.0001484693
0.0001440753
0.0001417492
0.0001455642
0.0001463292
0.0001469347
0.0001463913
0.0001477032
0.0001460738
0.0001483966
0.0001485484
0.0001416952
0.0001374924
0.0001313571
0.0001328126
0.0001387989
0.0001354299
0.0001415602
0.0001415866
0.0001370025
0.0001458673
0.0001371651
0.0001443168
0.0001281186
0.0001344877
0.0001324981
0.0001309095
0.0001395257
0.0001494870
0.0000124306
0.0001454150
0.0001379111
0.0001353165
0.0001475977
0.0001491314
0.0001465499
0.0001484905
0.0000165391
0.0001452956
0.0001460796
0.0001427674
0.0001400548
0.0001425026
0.0001463207
0.0001401744
0.0001416575
0.0001354470
0.0001398225
0.0000123508
0.0001381059
0.0001382114
0.0001358425
0.0001337022
0.0001309721
0.0001342179
0.0001298102
0.0001293395
0.0001260211
0.0001281774
0.0001220092
0.0001270599
0.0001253603
0.0001205219
0.0001225515
0.0001208449
0.0001140294
0.0001197659
0.0001161674
0.0001101544
0.0001194656
0.0001131434
0.0001186522
0.0001164887
0.0001116248
0.0001064419
0.0001063563
0.0001131161
0.0001095077
0.0001128620
0.0001034431
0.0001061877
0.0001025741
0.0001046746
0.0001027323
0.0001025446
0.0000966166
0.0000971568
0.0000998370
