0.0000957671
0.0001156205
0.0001177845
0.0000938886
0.0000880610
0.0000914719
0.0000909101
0.0001244939
0.0001264137
0.0001033923
0.0001257823
0.0001279760
0.0001106530
0.0001440285
0.0001465781
0.0001533659
0.0001422229
0.0001313411
0.0001350132
0.0001398790
0.0001238437
0.0001302593
0.0001369184
0.0001195865
0.0001193266
0.0001483936
0.0001295514
0.0001288354
0.0001275271
0.0001373896
0.0001363219
0.0001412524
0.0001399133
0.0001368193
0.0001374765
0.0001405337
0.0001481363
0.0001443666
0.0001472460
0.0001524634
0.0001472353
0.0001503100
0.0001547489
0.0001514497
0.0001531166
0.0001566852
0.0001524308
0.0001461946
0.0001594137
0.0001530540
0.0001557960
0.0001517197
0.0001530365
0.0001580355
0.0001573423
0.0001576317
0.0001586488
0.0001583431
0.0001242130
0.0001606084
0.0001576885
0.0001566845
0.0001548209
0.0001596684
0.0001483916
0.0001540022
0.0001505505
0.0001467718
0.0001518358
0.0001522980
0.0001522927
0.0001521508
0.0001523476
0.0001506548
0.0001529198
0.0001518189
0.0001459328
0.0001425292
0.0001359915
0.0001378772
0.0001451569
0.0001403866
0.0001470027
0.0001482481
0.0001420268
0.0001497826
0.0001429757
0.0001485875
0.0001360418
0.0001392124
0.0001372291
0.0001539097
0.0001472975
0.0001561535
0.0000128114
0.0001503412
0.0001419652
0.0001400143
0.0001508817
0.0001563377
0.0001557802
0.0001555894
0.0000167024
0.0001524184
0.0001524418
0.0001491643
0.0001490177
0.0001508850
0.0001517646
0.0001483854
0.0001489677
0.0001450330
0.0001460258
0.0000126632
0.0001423248
0.0001453047
0.0001427804
0.0001405886
0.0001357721
0.0001377505
0.0001337131
0.0001343896
0.0001320601
0.0001313179
0.0001308080
0.0001279974
0.0001249406
0.0001262068
0.0001249935
0.0001238213
0.0001216335
0.0001194317
0.0001174222
0.0001168601
0.0001169227
0.0001192183
0.0001151720
0.0001106358
0.0001119765
0.0001091462
0.0001117827
0.0001154494
0.0001096870
0.0001081499
0.0001072495
0.0001042902
0.0001078962
0.0001039507
0.0001041240
0.0001032834
0.0001040069
0.0001025315
0.0001018640
