0.0000978870
0.0001190350
0.0001200495
0.0000922307
0.0000910112
0.0000916015
0.0000934188
0.0001259587
0.0001280783
0.0001063562
0.0001279546
0.0001308027
0.0001154869
0.0001217462
0.0001457973
0.0001539423
0.0001225100
0.0001324065
0.0001355850
0.0001408356
0.0001244561
0.0001309891
0.0001383586
0.0001214448
0.0001212338
0.0001502690
0.0001299005
0.0001313715
0.0001290286
0.0001389506
0.0001381910
0.0001437133
0.0001424378
0.0001390016
0.0001405128
0.0001416894
0.0001488292
0.0001486976
0.0001491161
0.0001517200
0.0001477599
0.0001500184
0.0001537533
0.0001500009
0.0001508001
0.0001542622
0.0001495570
0.0001491194
0.0001566969
0.0001498882
0.0001522527
0.0001488449
0.0001481676
0.0001541041
0.0001533567
0.0001549833
0.0001560388
0.0001553080
0.0001222043
0.0001550117
0.0001543137
0.0001535570
0.0001504090
0.0001539176
0.0001454297
0.0001513670
0.0001465681
0.0001461041
0.0001466697
0.0001503919
0.0001506700
0.0001508851
0.0001518552
0.0001498209
0.0001515238
0.0001515574
0.0001459407
0.0001419339
0.0001359350
0.0001368252
0.0001445262
0.0001392116
0.0001452952
0.0001464790
0.0001406346
0.0001488029
0.0001411832
0.0001472919
0.0001313162
0.0001356718
0.0001337815
0.0001515840
0.0001459420
0.0001543650
0.0000129805
0.0001484286
0.0001382942
0.0001369538
0.0001483558
0.0001537299
0.0001532261
0.0001531575
0.0000167911
0.0001506785
0.0001502341
0.0001478185
0.0001468151
0.0001488984
0.0001491826
0.0001462719
0.0001468765
0.0001434425
0.0001443488
0.0000126993
0.0001413687
0.0001445811
0.0001424604
0.0001403796
0.0001355346
0.0001339980
0.0001340451
0.0001343612
0.0001322154
0.0001315034
0.0001307662
0.0001277952
0.0001244563
0.0001256814
0.0001238858
0.0001225841
0.0001222567
0.0001188953
0.0001160036
0.0001211201
0.0001175412
0.0001112065
0.0001121538
0.0001116455
0.0001092001
0.0001060836
0.0001083276
0.0001124276
0.0001066310
0.0001047829
0.0001042119
0.0001013219
0.0001050304
0.0001013196
0.0001011457
0.0001003777
0.0001000625
0.0000935380
0.0000994718
