0.0001015011
0.0001234970
0.0001265305
0.0001015149
0.0000889920
0.0000928972
0.0000957875
0.0000981831
0.0001070066
0.0001068812
0.0001122434
0.0001356277
0.0001212516
0.0001270956
0.0001293643
0.0001524425
0.0001278869
0.0001370049
0.0001406867
0.0001449311
0.0001299786
0.0001339695
0.0001432504
0.0001282753
0.0001257423
0.0001416119
0.0001329133
0.0001325070
0.0001328594
0.0001407651
0.0001401387
0.0001438896
0.0001436860
0.0001429573
0.0001426550
0.0001447374
0.0001508095
0.0001506267
0.0001499377
0.0001537287
0.0001517422
0.0001486869
0.0001552441
0.0001543321
0.0001530590
0.0001584508
0.0001544037
0.0001504816
0.0001619242
0.0001551789
0.0001591745
0.0001538014
0.0001541555
0.0001604555
0.0001592839
0.0001598320
0.0001614783
0.0001607089
0.0001225669
0.0001619358
0.0001600801
0.0001600491
0.0001562288
0.0001613402
0.0001513461
0.0001564144
0.0001518205
0.0001507688
0.0001540600
0.0001565720
0.0001558707
0.0001556345
0.0001559583
0.0001518872
0.0001555013
0.0001553657
0.0001504406
0.0001447810
0.0001392516
0.0001398369
0.0001432275
0.0001428186
0.0001466673
0.0001481189
0.0001440370
0.0001534605
0.0001437577
0.0001506097
0.0001387021
0.0001429708
0.0001404727
0.0001399631
0.0001466501
0.0001586601
0.0000133277
0.0001498737
0.0001471111
0.0001443573
0.0001529888
0.0001581167
0.0001570741
0.0001567264
0.0000176845
0.0001538606
0.0001491673
0.0001516947
0.0001498539
0.0001517114
0.0001515586
0.0001495037
0.0001499190
0.0001446256
0.0001462987
0.0000131679
0.0001387995
0.0001458923
0.0001435983
0.0001398002
0.0001346074
0.0001381180
0.0001342582
0.0001332956
0.0001313994
0.0001292670
0.0001293934
0.0001256558
0.0001217979
0.0001226831
0.0001210283
0.0001189123
0.0001178612
0.0001143435
0.0001116018
0.0001177172
0.0001129776
0.0001068564
0.0001077712
0.0001062712
0.0001033148
0.0000998325
0.0001013428
0.0001047857
0.0000986588
0.0000966519
0.0000958093
0.0000924314
0.0000953987
0.0000917997
0.0000914133
0.0000904581
0.0000908892
0.0000894348
0.0000889341
