0.0000973197
0.0001129867
0.0001214932
0.0000992911
0.0000926871
0.0000965054
0.0000964413
0.0001293405
0.0001056925
0.0001098390
0.0001255784
0.0001294296
0.0001189373
0.0001239503
0.0001282095
0.0001482014
0.0001225617
0.0001323382
0.0001379144
0.0001438945
0.0001269936
0.0001310200
0.0001393663
0.0001242536
0.0001231511
0.0001384344
0.0001299347
0.0001292165
0.0001300814
0.0001352341
0.0001387704
0.0001433172
0.0001405052
0.0001404124
0.0001396747
0.0001404253
0.0001462026
0.0001474963
0.0001490769
0.0001528258
0.0001480619
0.0001484045
0.0001546078
0.0001516862
0.0001515117
0.0001571997
0.0001513295
0.0001538276
0.0001591624
0.0001536751
0.0001550927
0.0001528219
0.0001531564
0.0001592678
0.0001585816
0.0001585827
0.0001601920
0.0001585217
0.0001242500
0.0001594979
0.0001568286
0.0001558454
0.0001531296
0.0001580888
0.0001475134
0.0001538570
0.0001495257
0.0001471999
0.0001502488
0.0001505689
0.0001505554
0.0001500413
0.0001512325
0.0001493571
0.0001521267
0.0001516666
0.0001443986
0.0001398561
0.0001335264
0.0001345622
0.0001401493
0.0001377096
0.0001369761
0.0001440054
0.0001393849
0.0001486588
0.0001387417
0.0001448554
0.0001341962
0.0001387727
0.0001381974
0.0001364180
0.0001406034
0.0001528328
0.0000131531
0.0001460512
0.0001429820
0.0001402035
0.0001486227
0.0001528729
0.0001519366
0.0001491161
0.0000174215
0.0001455576
0.0001474037
0.0001471334
0.0001455719
0.0001471665
0.0001436966
0.0001445185
0.0001442435
0.0001399805
0.0001427574
0.0000126392
0.0001381108
0.0001400254
0.0001390673
0.0001371190
0.0001316575
0.0001346999
0.0001310537
0.0001303789
0.0001284513
0.0001265262
0.0001269396
0.0001234422
0.0001201978
0.0001209284
0.0001193684
0.0001174475
0.0001160542
0.0001130201
0.0001107334
0.0001157306
0.0001116533
0.0001048708
0.0001059680
0.0001046704
0.0001016108
0.0000979304
0.0000994649
0.0001031854
0.0000964842
0.0000944734
0.0000934124
0.0000899153
0.0000923444
0.0000876695
0.0000879998
0.0000866919
0.0000868381
0.0000851413
0.0000849682
