0.0000942479
0.0001112155
0.0001206890
0.0000988169
0.0000919813
0.0000956782
0.0000953790
0.0001278148
0.0001049284
0.0001097025
0.0001272810
0.0001247982
0.0001187209
0.0001240733
0.0001267328
0.0001461341
0.0001241024
0.0001322185
0.0001364919
0.0001421027
0.0001257377
0.0001287419
0.0001356484
0.0001240726
0.0001212875
0.0001362585
0.0001279057
0.0001272624
0.0001292469
0.0001363813
0.0001351470
0.0001384307
0.0001395068
0.0001389500
0.0001377510
0.0001396076
0.0001451759
0.0001459804
0.0001487571
0.0001507056
0.0001482696
0.0001490117
0.0001546848
0.0001506419
0.0001520356
0.0001571448
0.0001505253
0.0001519726
0.0001573086
0.0001516370
0.0001550430
0.0001499664
0.0001512121
0.0001577133
0.0001548439
0.0001557984
0.0001571395
0.0001567007
0.0001225426
0.0001561267
0.0001564331
0.0001563536
0.0001521394
0.0001566689
0.0001459681
0.0001521190
0.0001480097
0.0001460867
0.0001494562
0.0001496022
0.0001493294
0.0001506687
0.0001488685
0.0001483640
0.0001494727
0.0001493884
0.0001442905
0.0001382279
0.0001319659
0.0001338850
0.0001392492
0.0001345766
0.0001419559
0.0001420097
0.0001380347
0.0001461803
0.0001360905
0.0001417889
0.0001306474
0.0001377015
0.0001368447
0.0001357551
0.0001395152
0.0001493801
0.0000126527
0.0001440920
0.0001404782
0.0001396764
0.0001462348
0.0001485875
0.0001464521
0.0001477005
0.0000168535
0.0001433470
0.0001451861
0.0001434023
0.0001406836
0.0001411021
0.0001420125
0.0001398002
0.0001407544
0.0001361137
0.0001389513
0.0000126329
0.0001349667
0.0001365667
0.0001336679
0.0001314697
0.0001311905
0.0001289996
0.0001255355
0.0001237345
0.0001226672
0.0001202054
0.0001204213
0.0001172381
0.0001137848
0.0001143224
0.0001122400
0.0001098937
0.0001094879
0.0001054325
0.0001019421
0.0001066473
0.0001016867
0.0000955692
0.0000965473
0.0000943811
0.0000917829
0.0000882377
0.0000892485
0.0000919818
0.0000857282
0.0000831181
0.0000770014
0.0000765926
0.0000790086
0.0000757039
0.0000759783
0.0000701042
0.0000732331
0.0000697074
0.0000700934
