0.0000983833
0.0001180208
0.0001202388
0.0000947891
0.0000894748
0.0000919289
0.0000836939
0.0000923234
0.0000997584
0.0001031862
0.0001013706
0.0001296051
0.0001143095
0.0001201692
0.0001460719
0.0001545876
0.0001229868
0.0001319939
0.0001358832
0.0001415692
0.0001249212
0.0001313443
0.0001390044
0.0001246276
0.0001217525
0.0001380475
0.0001303101
0.0001297362
0.0001286652
0.0001369063
0.0001368805
0.0001412163
0.0001419728
0.0001383279
0.0001372735
0.0001404389
0.0001462029
0.0001458109
0.0001461238
0.0001494625
0.0001457157
0.0001486624
0.0001511526
0.0001467720
0.0001477571
0.0001527832
0.0001466900
0.0001476615
0.0001541362
0.0001484902
0.0001505396
0.0001468721
0.0001482548
0.0001531220
0.0001517841
0.0001539042
0.0001548814
0.0001539531
0.0001207359
0.0001546152
0.0001527935
0.0001526848
0.0001492891
0.0001534656
0.0001441734
0.0001508780
0.0001464465
0.0001445913
0.0001466454
0.0001492537
0.0001494157
0.0001471908
0.0001504391
0.0001475027
0.0001508289
0.0001509256
0.0001445255
0.0001407442
0.0001344510
0.0001353388
0.0001426353
0.0001375708
0.0001435077
0.0001447693
0.0001392162
0.0001475987
0.0001389370
0.0001455135
0.0001333715
0.0001364963
0.0001356034
0.0001508463
0.0001442116
0.0001540891
0.0000126633
0.0001484080
0.0001413608
0.0001395217
0.0001490407
0.0001544510
0.0001539550
0.0001540225
0.0000172466
0.0001517520
0.0001513382
0.0001492457
0.0001484956
0.0001498669
0.0001510515
0.0001483962
0.0001489063
0.0001447882
0.0001461291
0.0000127871
0.0001431702
0.0001457993
0.0001436384
0.0001411305
0.0001359748
0.0001384413
0.0001344415
0.0001334407
0.0001322569
0.0001309014
0.0001306889
0.0001274947
0.0001243156
0.0001255523
0.0001244699
0.0001223504
0.0001222658
0.0001187110
0.0001166868
0.0001215238
0.0001179986
0.0001113178
0.0001132808
0.0001121409
0.0001090446
0.0001055107
0.0001076633
0.0001117081
0.0001056657
0.0001037191
0.0001028780
0.0001001814
0.0001032634
0.0000992498
0.0000993444
0.0000986060
0.0000991816
0.0000974519
0.0000971171
