0.0001021845
0.0001230628
0.0001261554
0.0000980818
0.0000936518
0.0000974634
0.0000975472
0.0001323358
0.0001066533
0.0001107499
0.0001335803
0.0001335605
0.0001101263
0.0001143969
0.0001212072
0.0001499233
0.0001261688
0.0001357336
0.0001381176
0.0001462017
0.0001291289
0.0001344658
0.0001429188
0.0001279985
0.0001254433
0.0001417451
0.0001330459
0.0001328437
0.0001328165
0.0001415007
0.0001401456
0.0001462058
0.0001446892
0.0001425887
0.0001422512
0.0001452270
0.0001507458
0.0001514206
0.0001516892
0.0001557767
0.0001512169
0.0001471906
0.0001552941
0.0001540539
0.0001545056
0.0001598783
0.0001532760
0.0001541156
0.0001617339
0.0001550030
0.0001577970
0.0001541988
0.0001555525
0.0001607170
0.0001600825
0.0001610684
0.0001624393
0.0001613146
0.0001263713
0.0001624379
0.0001600044
0.0001595514
0.0001568630
0.0001618097
0.0001515347
0.0001583488
0.0001537339
0.0001515262
0.0001544534
0.0001544666
0.0001533791
0.0001543128
0.0001559254
0.0001536795
0.0001564639
0.0001563262
0.0001490485
0.0001447770
0.0001383404
0.0001389492
0.0001466381
0.0001417900
0.0001449018
0.0001499139
0.0001436515
0.0001525082
0.0001434770
0.0001502149
0.0001385149
0.0001422354
0.0001410595
0.0001386443
0.0001480086
0.0001596380
0.0000132114
0.0001539397
0.0001460533
0.0001432578
0.0001537875
0.0001598491
0.0001586850
0.0001587524
0.0000176039
0.0001560039
0.0001485259
0.0001529434
0.0001524647
0.0001533015
0.0001541939
0.0001516411
0.0001523579
0.0001478191
0.0001493425
0.0000133079
0.0001410623
0.0001494140
0.0001467818
0.0001444087
0.0001389918
0.0001417729
0.0001375022
0.0001372369
0.0001355274
0.0001344244
0.0001341476
0.0001303099
0.0001272975
0.0001283155
0.0001262852
0.0001257648
0.0001250914
0.0001222126
0.0001179764
0.0001243353
0.0001202138
0.0001131217
0.0001146641
0.0001137219
0.0001105711
0.0001072105
0.0001092742
0.0001134518
0.0001070303
0.0001051431
0.0001045401
0.0001011540
0.0001044180
0.0001008434
0.0001007880
0.0001000337
0.0001002954
0.0000985448
0.0000987175
