0.0000972537
0.0001178497
0.0001161162
0.0000946385
0.0000888446
0.0000919375
0.0000917695
0.0001253323
0.0001262852
0.0000992560
0.0001268942
0.0001286537
0.0001137881
0.0001448787
0.0001471349
0.0001541211
0.0001223913
0.0001320788
0.0001365584
0.0001424420
0.0001257913
0.0001329272
0.0001405044
0.0001228657
0.0001223666
0.0001516630
0.0001306340
0.0001305767
0.0001292422
0.0001391093
0.0001389670
0.0001446501
0.0001432748
0.0001404689
0.0001407755
0.0001445561
0.0001497447
0.0001501492
0.0001491741
0.0001517596
0.0001477568
0.0001503480
0.0001536302
0.0001494261
0.0001508822
0.0001539353
0.0001494412
0.0001490560
0.0001558356
0.0001495372
0.0001509226
0.0001487648
0.0001492738
0.0001534732
0.0001541005
0.0001548247
0.0001558557
0.0001553264
0.0001227512
0.0001570196
0.0001552853
0.0001542962
0.0001515269
0.0001560194
0.0001456621
0.0001512940
0.0001458611
0.0001448869
0.0001486749
0.0001503859
0.0001502769
0.0001510940
0.0001518157
0.0001502703
0.0001533752
0.0001521877
0.0001456168
0.0001424483
0.0001361746
0.0001379348
0.0001450819
0.0001391852
0.0001461708
0.0001472029
0.0001410942
0.0001489633
0.0001415775
0.0001474290
0.0001348603
0.0001385618
0.0001369418
0.0001535318
0.0001469512
0.0001568823
0.0000129488
0.0001508699
0.0001428568
0.0001405332
0.0001507943
0.0001565854
0.0001563197
0.0001554081
0.0000167500
0.0001529546
0.0001525738
0.0001491495
0.0001493639
0.0001510810
0.0001518440
0.0001488001
0.0001495374
0.0001454056
0.0001466587
0.0000127803
0.0001431087
0.0001458057
0.0001433124
0.0001410152
0.0001358745
0.0001375856
0.0001341886
0.0001345600
0.0001298239
0.0001312933
0.0001299454
0.0001252160
0.0001245067
0.0001255366
0.0001242764
0.0001232960
0.0001232429
0.0001194897
0.0001167910
0.0001220095
0.0001176275
0.0001118134
0.0001134537
0.0001128161
0.0001096398
0.0001063692
0.0001089222
0.0001126849
0.0001065413
0.0001052675
0.0001040398
0.0001017213
0.0001051217
0.0001011745
0.0001014396
0.0001007649
0.0001013542
0.0000999938
0.0000999762
