0.0000948400
0.0001152425
0.0001163816
0.0000938246
0.0000877778
0.0000913911
0.0000911457
0.0001261406
0.0001270871
0.0001024936
0.0001273841
0.0001282211
0.0001126421
0.0001451074
0.0001470784
0.0001539560
0.0001426934
0.0001305774
0.0001354401
0.0001404360
0.0001233313
0.0001320061
0.0001369253
0.0001208058
0.0001200832
0.0001494088
0.0001287311
0.0001287947
0.0001274035
0.0001371270
0.0001362495
0.0001415475
0.0001394596
0.0001363514
0.0001377715
0.0001418092
0.0001478747
0.0001478320
0.0001477626
0.0001515970
0.0001473982
0.0001519759
0.0001571481
0.0001522095
0.0001536810
0.0001582324
0.0001532464
0.0001525943
0.0001599458
0.0001530190
0.0001547349
0.0001517838
0.0001529555
0.0001570866
0.0001573801
0.0001580574
0.0001592353
0.0001583249
0.0001214928
0.0001605397
0.0001580181
0.0001577721
0.0001546955
0.0001585863
0.0001478152
0.0001546159
0.0001502590
0.0001478379
0.0001521749
0.0001528424
0.0001526203
0.0001526430
0.0001533436
0.0001510132
0.0001533078
0.0001526341
0.0001455610
0.0001425125
0.0001362786
0.0001380617
0.0001454251
0.0001403145
0.0001472465
0.0001482705
0.0001420205
0.0001503974
0.0001430210
0.0001486769
0.0001345944
0.0001385610
0.0001379099
0.0001536849
0.0001480096
0.0001563490
0.0000128811
0.0001502857
0.0001425413
0.0001397467
0.0001509919
0.0001565105
0.0001560464
0.0001558552
0.0000167642
0.0001527457
0.0001526214
0.0001493538
0.0001492465
0.0001506248
0.0001516482
0.0001483808
0.0001491492
0.0001451605
0.0001465828
0.0000127469
0.0001425271
0.0001455492
0.0001429956
0.0001406502
0.0001356234
0.0001379574
0.0001346808
0.0001346696
0.0001326468
0.0001315203
0.0001310373
0.0001262722
0.0001243229
0.0001218381
0.0001254877
0.0001195153
0.0001233003
0.0001230430
0.0001209943
0.0001241035
0.0001207950
0.0001138807
0.0001157753
0.0001149549
0.0001124227
0.0001091019
0.0001117721
0.0001153212
0.0001098207
0.0001083558
0.0001073184
0.0001042603
0.0001081706
0.0001044245
0.0001039993
0.0001001987
0.0000997983
0.0001007565
0.0001026195
