0.0001039925
0.0001218922
0.0001280488
0.0001176140
0.0001095234
0.0001146020
0.0001132656
0.0001377172
0.0001252767
0.0001311523
0.0001399641
0.0001383685
0.0001391925
0.0001452499
0.0001473980
0.0001537922
0.0001453852
0.0001535128
0.0001551211
0.0001615648
0.0001441540
0.0001404499
0.0001540431
0.0001415939
0.0001362443
0.0001502642
0.0001412495
0.0001386494
0.0001435548
0.0001482559
0.0001462201
0.0001542849
0.0001527206
0.0001530842
0.0001522060
0.0001521782
0.0001603462
0.0001572481
0.0001627849
0.0001650073
0.0001617271
0.0001618442
0.0001629659
0.0001635142
0.0001631699
0.0001715013
0.0001643186
0.0001688721
0.0001745280
0.0001699364
0.0001705104
0.0001678136
0.0001705881
0.0001771374
0.0001744085
0.0001739149
0.0001764317
0.0001746339
0.0001315152
0.0001688665
0.0001713823
0.0001711852
0.0001666487
0.0001715237
0.0001617202
0.0001680319
0.0001627315
0.0001594220
0.0001622251
0.0001642827
0.0001642626
0.0001629400
0.0001627048
0.0001603854
0.0001633350
0.0001635993
0.0001572096
0.0001467031
0.0001404225
0.0001427935
0.0001480666
0.0001376822
0.0001498968
0.0001494391
0.0001458488
0.0001535769
0.0001439798
0.0001493213
0.0001458423
0.0001527600
0.0001518090
0.0001480232
0.0001459346
0.0001563287
0.0000147366
0.0001508681
0.0001587045
0.0001551781
0.0001512384
0.0001554269
0.0001541326
0.0001546396
0.0000190813
0.0001502092
0.0001503936
0.0001478236
0.0001474933
0.0001483424
0.0001496589
0.0001422106
0.0001418849
0.0001419611
0.0001409471
0.0001392260
0.0000124009
0.0001418113
0.0001391731
0.0001381970
0.0001326511
0.0001356604
0.0001328183
0.0001312412
0.0001286377
0.0001252999
0.0001235560
0.0001237439
0.0001214294
0.0001191480
0.0001162531
0.0001180183
0.0001048965
0.0001124956
0.0001167561
0.0001157623
0.0001169492
0.0001123376
0.0001071998
0.0001083666
0.0001084044
0.0001062943
0.0001025735
0.0001126925
0.0001121379
0.0001073905
0.0001039591
0.0000983988
0.0000984128
0.0000988132
0.0000993545
0.0000943236
0.0001001495
0.0000983606
0.0000980174
