0.0000913254
0.0001109630
0.0000840017
0.0000878231
0.0000844658
0.0000875410
0.0000842537
0.0000930499
0.0000951235
0.0000980803
0.0001200131
0.0001208480
0.0001061308
0.0001139680
0.0001164401
0.0001234012
0.0001153161
0.0001233185
0.0001275693
0.0001313195
0.0001174525
0.0001240121
0.0001294260
0.0001161444
0.0001144023
0.0001289175
0.0001224916
0.0001220277
0.0001201797
0.0001322777
0.0001319792
0.0001355228
0.0001341957
0.0001320366
0.0001318757
0.0001352353
0.0001411383
0.0001462312
0.0001424383
0.0001460740
0.0001423661
0.0001461555
0.0001492132
0.0001444169
0.0001460613
0.0001508860
0.0001460452
0.0001467463
0.0001534975
0.0001478925
0.0001501226
0.0001475470
0.0001475177
0.0001534700
0.0001498458
0.0001532874
0.0001543030
0.0001530486
0.0001182070
0.0001553188
0.0001529409
0.0001504563
0.0001502552
0.0001548720
0.0001446596
0.0001511449
0.0001467594
0.0001445686
0.0001479398
0.0001488287
0.0001496602
0.0001496457
0.0001502240
0.0001484019
0.0001505096
0.0001508247
0.0001380854
0.0001402750
0.0001332102
0.0001350418
0.0001410034
0.0001377417
0.0001438606
0.0001438753
0.0001392433
0.0001481442
0.0001392741
0.0001468534
0.0001271947
0.0001363511
0.0001341324
0.0001326151
0.0001419843
0.0001520078
0.0000124656
0.0001476843
0.0001396672
0.0001373987
0.0001498339
0.0001513879
0.0001482576
0.0001506963
0.0000166716
0.0001472656
0.0001483498
0.0001445569
0.0001423056
0.0001439546
0.0001481134
0.0001377717
0.0001380296
0.0001346954
0.0001362434
0.0000124447
0.0001400097
0.0001399747
0.0001375785
0.0001352961
0.0001328897
0.0001360789
0.0001313201
0.0001311018
0.0001300591
0.0001283931
0.0001279444
0.0001253791
0.0001221458
0.0001206519
0.0001185658
0.0001200668
0.0001202458
0.0001140297
0.0001113722
0.0001168647
0.0001140658
0.0001060876
0.0001073449
0.0001080908
0.0001047621
0.0001015134
0.0001019630
0.0001060139
0.0000988277
0.0000969660
0.0000955398
0.0000920307
0.0000893832
0.0000911311
0.0000897434
0.0000882915
0.0000879873
0.0000861874
0.0000859091
