0.0000982094
0.0001143771
0.0001212570
0.0001049657
0.0000975243
0.0001017769
0.0001009674
0.0001231419
0.0001114797
0.0001167234
0.0001295843
0.0001295683
0.0001235953
0.0001294657
0.0001317082
0.0001514462
0.0001292774
0.0001379210
0.0001409949
0.0001466798
0.0001301820
0.0001309216
0.0001402200
0.0001287022
0.0001244603
0.0001387700
0.0001302226
0.0001286311
0.0001320387
0.0001392780
0.0001362186
0.0001435793
0.0001435283
0.0001417931
0.0001407349
0.0001405185
0.0001465420
0.0001483917
0.0001508001
0.0001515364
0.0001496611
0.0001528273
0.0001546878
0.0001540505
0.0001528715
0.0001578956
0.0001532581
0.0001552126
0.0001600149
0.0001543803
0.0001574422
0.0001540484
0.0001557935
0.0001612892
0.0001596110
0.0001594466
0.0001598812
0.0001595006
0.0001245261
0.0001600883
0.0001588210
0.0001582595
0.0001557725
0.0001605833
0.0001497766
0.0001550543
0.0001507511
0.0001469245
0.0001517293
0.0001513155
0.0001522471
0.0001520241
0.0001525459
0.0001508707
0.0001530724
0.0001521824
0.0001465939
0.0001385576
0.0001321382
0.0001345255
0.0001362013
0.0001362187
0.0001414767
0.0001405962
0.0001367017
0.0001459779
0.0001358774
0.0001432885
0.0001344419
0.0001411119
0.0001404977
0.0001373188
0.0001415076
0.0001522466
0.0000130499
0.0001453760
0.0001467535
0.0001437874
0.0001459121
0.0001518228
0.0001497535
0.0001511782
0.0000174645
0.0001477744
0.0001475570
0.0001438727
0.0001434884
0.0001442079
0.0001433981
0.0001399344
0.0001436596
0.0001383496
0.0001411548
0.0000125712
0.0001375680
0.0001398558
0.0001364233
0.0001353355
0.0001299507
0.0001325582
0.0001293064
0.0001277296
0.0001257881
0.0001210645
0.0001241092
0.0001230178
0.0001172849
0.0001174013
0.0001177498
0.0001148268
0.0001139170
0.0001145017
0.0001095455
0.0001130783
0.0001104723
0.0001043974
0.0001018637
0.0001052278
0.0001083101
0.0001098142
0.0000882892
0.0000917043
0.0000903227
0.0000880984
0.0000863457
0.0000812903
0.0000832365
0.0000804292
0.0000796634
0.0000776514
0.0000773262
0.0000757093
0.0000731429
