0.0001119850
0.0001153651
0.0001187013
0.0000924801
0.0000895522
0.0000907157
0.0000831247
0.0000917769
0.0000976562
0.0001057313
0.0000376393
0.0001171981
0.0001146731
0.0001203924
0.0001230433
0.0001427473
0.0001215117
0.0001298843
0.0001337878
0.0001393799
0.0001226370
0.0001279614
0.0001369603
0.0001222834
0.0001205758
0.0001308442
0.0001274594
0.0001281687
0.0001285572
0.0001371123
0.0001364126
0.0001427214
0.0001404180
0.0001394299
0.0001386434
0.0001415505
0.0001473638
0.0001472643
0.0001478623
0.0001498913
0.0001476859
0.0001448276
0.0001515284
0.0001497421
0.0001508137
0.0001530420
0.0001492528
0.0001504251
0.0001560546
0.0001504351
0.0001535376
0.0001502892
0.0001508894
0.0001557909
0.0001549382
0.0001507027
0.0001547191
0.0001553102
0.0001211558
0.0001563936
0.0001542014
0.0001539561
0.0001503169
0.0001554691
0.0001457778
0.0001516687
0.0001396578
0.0001442307
0.0001486593
0.0001489834
0.0001493889
0.0001502721
0.0001488693
0.0001486429
0.0001521566
0.0001473643
0.0001449568
0.0001408271
0.0001339949
0.0001350875
0.0001427790
0.0001377411
0.0001404655
0.0001444957
0.0001390294
0.0001474083
0.0001383577
0.0001446437
0.0001339949
0.0001376001
0.0001362762
0.0001342747
0.0001421345
0.0001530094
0.0000128252
0.0001476513
0.0001411496
0.0001386435
0.0001479733
0.0001538279
0.0001527220
0.0001526029
0.0000172533
0.0001498063
0.0001440036
0.0001476958
0.0001469590
0.0001480202
0.0001480230
0.0001461659
0.0001471636
0.0001424876
0.0001426817
0.0000128211
0.0001369692
0.0001431682
0.0001410226
0.0001382934
0.0001318124
0.0001348151
0.0001322465
0.0001308794
0.0001298117
0.0001281208
0.0001279255
0.0001245137
0.0001202857
0.0001216757
0.0001198149
0.0001182557
0.0001181565
0.0001144650
0.0001116277
0.0001164823
0.0001124981
0.0001057509
0.0001068204
0.0001055565
0.0001026754
0.0000987391
0.0001005436
0.0001039861
0.0000970948
0.0000957315
0.0000922897
0.0000913356
0.0000907372
0.0000913472
0.0000858497
0.0000887645
0.0000904406
0.0000879299
0.0000849080
