0.0000995167
0.0001174719
0.0001246828
0.0001095228
0.0001017376
0.0000993697
0.0001074902
0.0001048816
0.0001048614
0.0001223080
0.0001355199
0.0001317104
0.0001267659
0.0001342825
0.0001385885
0.0001465151
0.0001258455
0.0001434681
0.0001462833
0.0001526369
0.0001365531
0.0001348894
0.0001460134
0.0001336805
0.0001296576
0.0001439089
0.0001347451
0.0001335943
0.0001369227
0.0001433230
0.0001428219
0.0001476587
0.0001454298
0.0001475173
0.0001458428
0.0001474510
0.0001546522
0.0001540616
0.0001568095
0.0001598035
0.0001560462
0.0001559949
0.0001537094
0.0001597515
0.0001614870
0.0001675076
0.0001604250
0.0001607522
0.0001687763
0.0001640188
0.0001643444
0.0001622544
0.0001638917
0.0001706387
0.0001673953
0.0001680316
0.0001695691
0.0001685436
0.0001301330
0.0001680496
0.0001667309
0.0001652796
0.0001631031
0.0001676240
0.0001552097
0.0001631005
0.0001577494
0.0001555386
0.0001585836
0.0001607498
0.0001594926
0.0001575644
0.0001598818
0.0001568200
0.0001587010
0.0001593866
0.0001530798
0.0001436880
0.0001375336
0.0001395400
0.0001458097
0.0001412969
0.0001474398
0.0001467662
0.0001428867
0.0001522468
0.0001418027
0.0001482124
0.0001414566
0.0001479847
0.0001458726
0.0001421126
0.0001455103
0.0001570048
0.0000135654
0.0001486676
0.0001526304
0.0001485987
0.0001511203
0.0001558279
0.0001541768
0.0001555738
0.0000180045
0.0001519948
0.0001505401
0.0001480876
0.0001427937
0.0001416276
0.0001433656
0.0001467251
0.0001419809
0.0001371677
0.0001445768
0.0001437151
0.0001408979
0.0001362116
0.0001366967
0.0001383993
0.0001325980
0.0001354393
0.0001324604
0.0001305632
0.0001258658
0.0001257866
0.0001269016
0.0001236907
0.0001203426
0.0001203934
0.0001179164
0.0001183616
0.0001174819
0.0001164120
0.0001115304
0.0001048266
0.0001084430
0.0001138163
0.0001088571
0.0001078833
0.0001030800
0.0001026539
0.0001016466
0.0001001991
0.0000916070
0.0000895152
0.0000852291
0.0000856181
0.0000870893
0.0000829203
0.0000821021
0.0000798004
0.0000784910
0.0000780094
0.0000761712
