0.0000401030
0.0000003449
0.0001320938
0.0000970013
0.0000872503
0.0000897773
0.0000910844
0.0000940761
0.0001303805
0.0001057411
0.0001297303
0.0001316220
0.0001147967
0.0001203057
0.0001477169
0.0001531427
0.0001162249
0.0001292924
0.0001344485
0.0001390289
0.0001228774
0.0001301557
0.0001365432
0.0001216061
0.0001198803
0.0001357865
0.0001281125
0.0001272672
0.0001266759
0.0001352035
0.0001374763
0.0001400991
0.0001401471
0.0001370091
0.0001374396
0.0001401115
0.0001469881
0.0001467250
0.0001475823
0.0001507643
0.0001467547
0.0001506732
0.0001529674
0.0001500558
0.0001502763
0.0001545945
0.0001484499
0.0001495184
0.0001572943
0.0001496657
0.0001531402
0.0001487311
0.0001502532
0.0001558167
0.0001547633
0.0001565245
0.0001574616
0.0001567773
0.0001231177
0.0001567689
0.0001550120
0.0001546845
0.0001509445
0.0001551809
0.0001459257
0.0001526007
0.0001479040
0.0001462732
0.0001486082
0.0001511776
0.0001512207
0.0001519058
0.0001519617
0.0001498788
0.0001522735
0.0001524156
0.0001460333
0.0001422292
0.0001358551
0.0001368571
0.0001443629
0.0001392151
0.0001460153
0.0001467759
0.0001407828
0.0001492492
0.0001405526
0.0001469557
0.0001348204
0.0001381243
0.0001366808
0.0001517939
0.0001452062
0.0001548427
0.0000127154
0.0001488886
0.0001414132
0.0001395461
0.0001495096
0.0001549356
0.0001538716
0.0001535986
0.0000170274
0.0001507197
0.0001501009
0.0001481684
0.0001470301
0.0001494031
0.0001495565
0.0001471260
0.0001477818
0.0001441319
0.0001447652
0.0000124563
0.0001414937
0.0001448572
0.0001427876
0.0001402567
0.0001351540
0.0001381682
0.0001309249
0.0001329053
0.0001286588
0.0001297240
0.0001268219
0.0001292196
0.0001301656
0.0001245500
0.0001221009
0.0001205640
0.0001223155
0.0001184811
0.0001156225
0.0001209858
0.0001171185
0.0001105339
0.0001121088
0.0001111145
0.0001084903
0.0001051364
0.0001071124
0.0001110813
0.0001051001
0.0001034424
0.0000960494
0.0000965564
0.0001030618
0.0000978690
0.0000996852
0.0000993251
0.0000962611
0.0000970597
0.0000984015
