0.0001529698
0.0001866236
0.0001914404
0.0001543073
0.0001365828
0.0001416969
0.0001464459
0.0001499399
0.0001579448
0.0001620547
0.0001689916
0.0002089587
0.0001868633
0.0001962783
0.0001996243
0.0002378169
0.0001992528
0.0002134221
0.0002195542
0.0002263695
0.0002030126
0.0002095556
0.0002242100
0.0002010556
0.0001974433
0.0002229408
0.0002097225
0.0002092932
0.0002101139
0.0002224046
0.0002217452
0.0002277078
0.0002271258
0.0002263520
0.0002260641
0.0002297040
0.0002399475
0.0002401719
0.0002392732
0.0002454717
0.0002431537
0.0002385820
0.0002492841
0.0002475678
0.0002455838
0.0002544116
0.0002486138
0.0002457364
0.0002619801
0.0002513099
0.0002581212
0.0002498371
0.0002505184
0.0002611096
0.0002592238
0.0002604333
0.0002636929
0.0002630028
0.0002023449
0.0002663991
0.0002636353
0.0002641364
0.0002583053
0.0002672908
0.0002511117
0.0002595634
0.0002527503
0.0002511644
0.0002566727
0.0002622115
0.0002616296
0.0002618730
0.0002632156
0.0002592147
0.0002638961
0.0002639155
0.0002561478
0.0002468858
0.0002378041
0.0002391211
0.0002456289
0.0002456274
0.0002532091
0.0002561766
0.0002500072
0.0002670057
0.0002508721
0.0002636537
0.0002430861
0.0002510531
0.0002474928
0.0002472624
0.0002600497
0.0002822681
0.0000229645
0.0002681918
0.0002640783
0.0002603805
0.0002766153
0.0002868689
0.0002857487
0.0002860195
0.0000317191
0.0002829827
0.0002747942
0.0002810091
0.0002785592
0.0002831048
0.0002847402
0.0002816432
0.0002835822
0.0002745148
0.0002788775
0.0000244528
0.0002664822
0.0002814958
0.0002784634
0.0002724816
0.0002636402
0.0002720511
0.0002662410
0.0002660477
0.0002642708
0.0002617410
0.0002634173
0.0002574892
0.0002512824
0.0002548819
0.0002525771
0.0002500511
0.0002495688
0.0002435013
0.0002393227
0.0002537465
0.0002459560
0.0002342130
0.0002377905
0.0002364198
0.0002314575
0.0002251136
0.0002298604
0.0002393834
0.0002265394
0.0002230600
0.0002221138
0.0002150855
0.0002226993
0.0002150117
0.0002146290
0.0002128832
0.0002145761
0.0002117233
0.0002110030
