0.0001507034
0.0001817245
0.0001865731
0.0001457376
0.0001388400
0.0001446509
0.0001450905
0.0001970739
0.0001590699
0.0001655440
0.0002003118
0.0002003626
0.0001669625
0.0001746552
0.0001852817
0.0002272715
0.0001930026
0.0002077994
0.0002123627
0.0002230133
0.0001972096
0.0002055654
0.0002189023
0.0001961731
0.0001927778
0.0002185731
0.0002056394
0.0002059184
0.0002064048
0.0002201992
0.0002182774
0.0002281484
0.0002256867
0.0002225374
0.0002221043
0.0002269449
0.0002360382
0.0002376958
0.0002386851
0.0002456358
0.0002387381
0.0002325931
0.0002454084
0.0002437801
0.0002448064
0.0002535865
0.0002436119
0.0002450252
0.0002584356
0.0002482687
0.0002532495
0.0002476792
0.0002499156
0.0002583287
0.0002571424
0.0002589186
0.0002608495
0.0002569106
0.0002041154
0.0002624700
0.0002592587
0.0002591800
0.0002552017
0.0002638100
0.0002474635
0.0002592453
0.0002520767
0.0002490335
0.0002546013
0.0002552985
0.0002545472
0.0002572120
0.0002611504
0.0002580927
0.0002637698
0.0002640333
0.0002533554
0.0002454514
0.0002349565
0.0002364403
0.0002501437
0.0002421901
0.0002478426
0.0002572157
0.0002470148
0.0002626782
0.0002476719
0.0002597859
0.0002399616
0.0002464585
0.0002450220
0.0002409154
0.0002582169
0.0002791193
0.0000224374
0.0002706103
0.0002571100
0.0002528192
0.0002722550
0.0002839538
0.0002826265
0.0002833162
0.0000308080
0.0002803422
0.0002685747
0.0002771348
0.0002772678
0.0002797691
0.0002831751
0.0002795383
0.0002817113
0.0002746776
0.0002782839
0.0000241509
0.0002647496
0.0002808862
0.0002770371
0.0002736364
0.0002644217
0.0002707039
0.0002640179
0.0002646518
0.0002630825
0.0002621556
0.0002626154
0.0002563012
0.0002514311
0.0002544383
0.0002514931
0.0002515232
0.0002510438
0.0002465528
0.0002388046
0.0002524604
0.0002456410
0.0002322955
0.0002365111
0.0002358442
0.0002301090
0.0002243050
0.0002293220
0.0002389537
0.0002259354
0.0002225156
0.0002213705
0.0002144644
0.0002216046
0.0002140088
0.0002140822
0.0002127388
0.0002135201
0.0002102398
0.0002107593
