0.0001459711
0.0001781604
0.0001802709
0.0001392093
0.0001370936
0.0001387642
0.0001408921
0.0001904061
0.0001943054
0.0001611985
0.0001944369
0.0001989501
0.0001758989
0.0001860078
0.0002243963
0.0002368271
0.0001889562
0.0002046211
0.0002099107
0.0002184647
0.0001932922
0.0002036999
0.0002152575
0.0001893952
0.0001891841
0.0002344805
0.0002030844
0.0002055726
0.0002020969
0.0002175096
0.0002166894
0.0002249703
0.0002229829
0.0002177127
0.0002200420
0.0002223541
0.0002340230
0.0002343430
0.0002354899
0.0002400580
0.0002345131
0.0002389335
0.0002444179
0.0002389576
0.0002405580
0.0002468904
0.0002400957
0.0002402557
0.0002536843
0.0002431575
0.0002477239
0.0002424354
0.0002413857
0.0002512172
0.0002502487
0.0002532718
0.0002552023
0.0002549944
0.0002011380
0.0002562311
0.0002558378
0.0002552622
0.0002508072
0.0002573131
0.0002434542
0.0002538562
0.0002459557
0.0002452336
0.0002468429
0.0002535280
0.0002543547
0.0002554213
0.0002575098
0.0002546861
0.0002576324
0.0002579946
0.0002489072
0.0002422008
0.0002321360
0.0002340573
0.0002476434
0.0002388861
0.0002500395
0.0002527919
0.0002432279
0.0002579119
0.0002456071
0.0002569808
0.0002299629
0.0002378890
0.0002354851
0.0002684150
0.0002593852
0.0002758260
0.0000225967
0.0002674611
0.0002495800
0.0002485714
0.0002697452
0.0002805702
0.0002802278
0.0002804902
0.0000301572
0.0002773595
0.0002776551
0.0002739188
0.0002735723
0.0002784463
0.0002810576
0.0002767142
0.0002790535
0.0002735200
0.0002761038
0.0000237257
0.0002715843
0.0002784871
0.0002744468
0.0002716852
0.0002627129
0.0002611757
0.0002616672
0.0002634536
0.0002607001
0.0002605717
0.0002601796
0.0002552990
0.0002501312
0.0002535316
0.0002510874
0.0002493561
0.0002498304
0.0002437439
0.0002382279
0.0002496646
0.0002434600
0.0002309353
0.0002336095
0.0002334744
0.0002286862
0.0002227215
0.0002280440
0.0002367836
0.0002246798
0.0002209273
0.0002193012
0.0002130448
0.0002204338
0.0002124692
0.0002118781
0.0002102414
0.0002117482
0.0001978322
0.0002089546
