0.0001452441
0.0001765259
0.0001788230
0.0001440471
0.0001350526
0.0001407999
0.0001406662
0.0001952371
0.0001967342
0.0001468172
0.0001969150
0.0001979087
0.0001746739
0.0002243177
0.0002276836
0.0002386090
0.0002215233
0.0001947914
0.0002100777
0.0002182983
0.0001922218
0.0002064293
0.0002151582
0.0001905816
0.0001900187
0.0002371048
0.0002039637
0.0002042470
0.0002021876
0.0002177908
0.0002165966
0.0002255361
0.0002225507
0.0002176708
0.0002198759
0.0002260257
0.0002354450
0.0002356575
0.0002357869
0.0002420235
0.0002354583
0.0002420002
0.0002490234
0.0002404082
0.0002425540
0.0002495258
0.0002423682
0.0002375851
0.0002549933
0.0002450472
0.0002488425
0.0002445032
0.0002466855
0.0002534462
0.0002536941
0.0002546349
0.0002562176
0.0002552483
0.0001988257
0.0002601835
0.0002571763
0.0002576653
0.0002529898
0.0002602379
0.0002433925
0.0002550594
0.0002482568
0.0002445611
0.0002528945
0.0002549451
0.0002553279
0.0002567905
0.0002590082
0.0002562487
0.0002608144
0.0002604118
0.0002489638
0.0002440391
0.0002336572
0.0002366512
0.0002496779
0.0002407032
0.0002532690
0.0002552526
0.0002450919
0.0002599533
0.0002479214
0.0002583031
0.0002346724
0.0002411467
0.0002419388
0.0002705511
0.0002621656
0.0002775508
0.0000224692
0.0002691859
0.0002560223
0.0002514594
0.0002724156
0.0002834518
0.0002829897
0.0002833072
0.0000300875
0.0002796310
0.0002808500
0.0002756383
0.0002767590
0.0002804830
0.0002842828
0.0002793941
0.0002821348
0.0002758692
0.0002799101
0.0000239317
0.0002747235
0.0002814579
0.0002777965
0.0002741716
0.0002652778
0.0002708602
0.0002655788
0.0002666997
0.0002640508
0.0002630256
0.0002632875
0.0002552490
0.0002515112
0.0002480375
0.0002535492
0.0002452541
0.0002511430
0.0002511474
0.0002474167
0.0002535245
0.0002472786
0.0002335967
0.0002378173
0.0002364278
0.0002319295
0.0002253504
0.0002311677
0.0002387254
0.0002274496
0.0002244483
0.0002220224
0.0002155773
0.0002235784
0.0002154958
0.0002144351
0.0002095107
0.0002069810
0.0002088269
0.0002115921
