0.0001782593
0.0001807922
0.0001865938
0.0001458663
0.0001408951
0.0001441601
0.0001328036
0.0001457433
0.0001567834
0.0001673232
0.0000925223
0.0001893416
0.0001834875
0.0001931042
0.0001977017
0.0002330917
0.0001964801
0.0002101412
0.0002167501
0.0002255545
0.0001979508
0.0002067180
0.0002210630
0.0001974404
0.0001945176
0.0002131531
0.0001984201
0.0002067360
0.0002080025
0.0002215866
0.0002202083
0.0002301334
0.0002261294
0.0002246001
0.0002236210
0.0002287113
0.0002386111
0.0002391649
0.0002407795
0.0002442570
0.0002412699
0.0002357829
0.0002481102
0.0002453447
0.0002476342
0.0002520213
0.0002459644
0.0002484623
0.0002585576
0.0002497047
0.0002552367
0.0002500774
0.0002512791
0.0002550312
0.0002584298
0.0002530520
0.0002600005
0.0002604833
0.0002052928
0.0002634265
0.0002612622
0.0002615649
0.0002494892
0.0002654591
0.0002492924
0.0002603167
0.0002398035
0.0002479470
0.0002559875
0.0002571607
0.0002584954
0.0002607782
0.0002591956
0.0002592110
0.0002658497
0.0002614766
0.0002539777
0.0002470282
0.0002354617
0.0002375518
0.0002519946
0.0002435695
0.0002492423
0.0002573967
0.0002483845
0.0002641515
0.0002487083
0.0002608080
0.0002421575
0.0002491728
0.0002475362
0.0002445022
0.0002595436
0.0002802211
0.0000227368
0.0002714895
0.0002601951
0.0002562024
0.0002741359
0.0002857451
0.0002843329
0.0002845458
0.0000315874
0.0002813763
0.0002706435
0.0002791866
0.0002786164
0.0002818322
0.0002834353
0.0002809114
0.0002837711
0.0002757703
0.0002772712
0.0000242910
0.0002682038
0.0002814711
0.0002782512
0.0002743136
0.0002625649
0.0002699897
0.0002673090
0.0002649458
0.0002646990
0.0002628464
0.0002636590
0.0002579936
0.0002508944
0.0002552309
0.0002525888
0.0002511520
0.0002525676
0.0002461620
0.0002413596
0.0002534422
0.0002468303
0.0002342511
0.0002378237
0.0002368382
0.0002320408
0.0002251858
0.0002304431
0.0002403943
0.0002259868
0.0002226358
0.0002173579
0.0002151172
0.0002148381
0.0002158502
0.0002036941
0.0002112452
0.0002148822
0.0002129684
0.0002035928
