0.0001610153
0.0001870407
0.0001999396
0.0001729415
0.0001612503
0.0001686950
0.0001681574
0.0002072046
0.0001867603
0.0001962013
0.0002192236
0.0002186987
0.0002090373
0.0002194303
0.0002243772
0.0002589657
0.0002222417
0.0002368478
0.0002429697
0.0002524630
0.0002242097
0.0002257142
0.0002431731
0.0002227544
0.0002157902
0.0002411855
0.0002265727
0.0002238191
0.0002298844
0.0002423481
0.0002366695
0.0002494526
0.0002494223
0.0002469301
0.0002454013
0.0002454760
0.0002561290
0.0002593728
0.0002637669
0.0002646370
0.0002617693
0.0002676119
0.0002713890
0.0002702602
0.0002687026
0.0002778615
0.0002698410
0.0002737024
0.0002818040
0.0002728292
0.0002785666
0.0002729881
0.0002764635
0.0002870204
0.0002841002
0.0002843430
0.0002860644
0.0002852602
0.0002232766
0.0002879553
0.0002862409
0.0002857835
0.0002818432
0.0002913493
0.0002722520
0.0002825983
0.0002738592
0.0002691120
0.0002784194
0.0002785452
0.0002811214
0.0002816937
0.0002835082
0.0002811304
0.0002860531
0.0002838652
0.0002747416
0.0002602066
0.0002486152
0.0002535908
0.0002578929
0.0002580410
0.0002689192
0.0002683220
0.0002614425
0.0002801929
0.0002615118
0.0002763534
0.0002592359
0.0002728416
0.0002726706
0.0002672788
0.0002762160
0.0002978283
0.0000247813
0.0002864375
0.0002898146
0.0002847156
0.0002895415
0.0003024179
0.0002990852
0.0003027331
0.0000341826
0.0002980865
0.0002986836
0.0002921588
0.0002925166
0.0002948418
0.0002870564
0.0002886519
0.0002972706
0.0002875329
0.0002944789
0.0000256309
0.0002895233
0.0002953760
0.0002897013
0.0002890013
0.0002790972
0.0002860607
0.0002810182
0.0002788928
0.0002766410
0.0002677916
0.0002759041
0.0002755059
0.0002641467
0.0002660358
0.0002662209
0.0002627524
0.0002637662
0.0002642503
0.0002556188
0.0002640404
0.0002600476
0.0002467723
0.0002363409
0.0002500666
0.0002602086
0.0002628486
0.0002242668
0.0002337815
0.0002372555
0.0002341983
0.0002324059
0.0002227240
0.0002293506
0.0002242389
0.0002248120
0.0002213761
0.0002228831
0.0002204476
0.0002151591
