0.0001535203
0.0001783146
0.0001845784
0.0001566762
0.0001466006
0.0001527690
0.0001531618
0.0002060589
0.0001685608
0.0001756412
0.0002020460
0.0002078699
0.0001918594
0.0001999675
0.0002071597
0.0002410545
0.0002017416
0.0002174179
0.0002239077
0.0002345291
0.0002070900
0.0002133732
0.0002275755
0.0002030019
0.0002017106
0.0002271931
0.0002137451
0.0002126430
0.0002141653
0.0002229876
0.0002284278
0.0002357538
0.0002311676
0.0002313126
0.0002302555
0.0002322408
0.0002418038
0.0002442307
0.0002468653
0.0002534096
0.0002458309
0.0002461187
0.0002565996
0.0002516636
0.0002508266
0.0002610100
0.0002520985
0.0002564458
0.0002660429
0.0002572375
0.0002601254
0.0002562480
0.0002571592
0.0002676283
0.0002667615
0.0002670117
0.0002702923
0.0002680304
0.0002107029
0.0002716750
0.0002677759
0.0002663879
0.0002630982
0.0002722138
0.0002549567
0.0002665628
0.0002596193
0.0002562509
0.0002622649
0.0002641150
0.0002648389
0.0002648428
0.0002678958
0.0002651287
0.0002708567
0.0002705737
0.0002580508
0.0002501662
0.0002392360
0.0002415004
0.0002519888
0.0002481008
0.0002472274
0.0002609905
0.0002530215
0.0002705503
0.0002530933
0.0002649091
0.0002455250
0.0002545771
0.0002541723
0.0002515980
0.0002600692
0.0002835747
0.0000237226
0.0002728253
0.0002684417
0.0002640017
0.0002803541
0.0002894677
0.0002883304
0.0002835627
0.0000325533
0.0002785808
0.0002832073
0.0002840889
0.0002820863
0.0002864047
0.0002810802
0.0002842315
0.0002845133
0.0002771537
0.0002836796
0.0000245674
0.0002768197
0.0002815112
0.0002806906
0.0002778653
0.0002680181
0.0002754882
0.0002696373
0.0002696247
0.0002672514
0.0002648292
0.0002670167
0.0002608568
0.0002551761
0.0002582199
0.0002563038
0.0002539477
0.0002529448
0.0002472078
0.0002432735
0.0002556067
0.0002495220
0.0002361213
0.0002401731
0.0002392041
0.0002341404
0.0002275562
0.0002325167
0.0002433080
0.0002289741
0.0002255031
0.0002243747
0.0002172033
0.0002241028
0.0002139411
0.0002156934
0.0002132351
0.0002146551
0.0002115655
0.0002119804
