0.0001628405
0.0001929544
0.0002043716
0.0001804231
0.0001679391
0.0001518319
0.0001782222
0.0001746649
0.0001742266
0.0002045389
0.0002289229
0.0002210653
0.0002147895
0.0002272678
0.0002308283
0.0002509618
0.0002154506
0.0002441054
0.0002492819
0.0002596306
0.0002324159
0.0002298394
0.0002495763
0.0002281833
0.0002217196
0.0002462179
0.0002306133
0.0002287632
0.0002341020
0.0002447199
0.0002437693
0.0002517924
0.0002479180
0.0002520857
0.0002490006
0.0002522820
0.0002646482
0.0002634162
0.0002680222
0.0002733953
0.0002673373
0.0002665761
0.0002630554
0.0002739062
0.0002767210
0.0002876781
0.0002753925
0.0002765081
0.0002903812
0.0002823973
0.0002836407
0.0002803042
0.0002839010
0.0002957816
0.0002902645
0.0002919238
0.0002949162
0.0002941462
0.0002274210
0.0002943879
0.0002927105
0.0002906411
0.0002879328
0.0002963097
0.0002690084
0.0002897177
0.0002809751
0.0002778302
0.0002839630
0.0002888180
0.0002873169
0.0002847889
0.0002898605
0.0002853972
0.0002894828
0.0002915126
0.0002804175
0.0002636858
0.0002529806
0.0002574562
0.0002696450
0.0002619997
0.0002745610
0.0002743721
0.0002678238
0.0002864246
0.0002674297
0.0002803758
0.0002682358
0.0002815019
0.0002780494
0.0002717188
0.0002793597
0.0003022717
0.0000255436
0.0002881904
0.0002967615
0.0002898844
0.0002956523
0.0003063711
0.0003038163
0.0003072181
0.0000350595
0.0003024767
0.0003010492
0.0002970331
0.0002871672
0.0002864900
0.0002942164
0.0002987554
0.0002815230
0.0002818195
0.0002966934
0.0002981713
0.0002934264
0.0002851086
0.0002876057
0.0002923624
0.0002818403
0.0002890630
0.0002847869
0.0002820728
0.0002731133
0.0002754381
0.0002792316
0.0002737317
0.0002677767
0.0002696107
0.0002657154
0.0002618053
0.0002669530
0.0002656402
0.0002573930
0.0002454552
0.0002525277
0.0002600575
0.0002588459
0.0002586896
0.0002476307
0.0002458986
0.0002474065
0.0002546883
0.0002351891
0.0002325786
0.0002256162
0.0002277951
0.0002345565
0.0002261331
0.0002267051
0.0002228802
0.0002220517
0.0002231732
0.0002209806
