0.0001997101
0.0001785626
0.0001355943
0.0001461781
0.0001370889
0.0001423526
0.0001424780
0.0001964175
0.0001525580
0.0001619787
0.0001982139
0.0002008965
0.0001778312
0.0001886505
0.0001940227
0.0002405065
0.0001870219
0.0002073630
0.0002148230
0.0002204046
0.0001970918
0.0002055779
0.0002181698
0.0001947559
0.0001904178
0.0002017213
0.0002057164
0.0002058335
0.0002052750
0.0002195829
0.0002175233
0.0002270477
0.0002240989
0.0002196535
0.0002216573
0.0002259465
0.0002361832
0.0002453735
0.0002378131
0.0002453190
0.0002381788
0.0002438378
0.0002489182
0.0002429851
0.0002447918
0.0002527051
0.0002446375
0.0002440600
0.0002569560
0.0002482071
0.0002526773
0.0002477463
0.0002481753
0.0002579424
0.0002528406
0.0002588510
0.0002603531
0.0002592119
0.0002006648
0.0002634369
0.0002596099
0.0002560529
0.0002559137
0.0002641618
0.0002440728
0.0002592813
0.0002521035
0.0002485015
0.0002557784
0.0002576376
0.0002592712
0.0002589526
0.0002618274
0.0002594733
0.0002642211
0.0002649247
0.0002533038
0.0002462393
0.0002358035
0.0002389063
0.0002502722
0.0002446855
0.0002565163
0.0002571923
0.0002494681
0.0002663698
0.0002511796
0.0002649206
0.0002356031
0.0002480153
0.0002448194
0.0002428136
0.0002595559
0.0002790023
0.0000229476
0.0002728673
0.0002593344
0.0002553949
0.0002789896
0.0002829603
0.0002786030
0.0002831570
0.0000313280
0.0002788478
0.0002813491
0.0002757582
0.0002715054
0.0002767840
0.0002856654
0.0002744873
0.0002781438
0.0002667099
0.0002763810
0.0000248747
0.0002749279
0.0002759916
0.0002722988
0.0002690728
0.0002646349
0.0002722338
0.0002645928
0.0002644346
0.0002592968
0.0002642975
0.0002509606
0.0002634318
0.0002610912
0.0002515120
0.0002563989
0.0002530004
0.0002409911
0.0002447540
0.0002452288
0.0002341874
0.0002531802
0.0002421816
0.0002534512
0.0002521017
0.0002406777
0.0002301908
0.0002320378
0.0002468383
0.0002393041
0.0002471613
0.0002279808
0.0002344461
0.0002279922
0.0002334743
0.0002302294
0.0002299291
0.0002184377
0.0002201279
0.0002262598
