0.0001482286
0.0001796731
0.0001776296
0.0001448208
0.0001362824
0.0001412381
0.0001412629
0.0001936798
0.0001949508
0.0001452196
0.0001952485
0.0001977755
0.0001757641
0.0002233502
0.0002269996
0.0002382919
0.0001895261
0.0002040556
0.0002109359
0.0002190496
0.0001930005
0.0002039415
0.0002159468
0.0001891807
0.0001890783
0.0002352014
0.0002033473
0.0002038229
0.0002021595
0.0002173786
0.0002166588
0.0002248616
0.0002224211
0.0002179559
0.0002187560
0.0002251447
0.0002343056
0.0002357165
0.0002348886
0.0002400166
0.0002341774
0.0002388594
0.0002445523
0.0002381746
0.0002413131
0.0002463819
0.0002404660
0.0002412788
0.0002531316
0.0002441699
0.0002472585
0.0002438528
0.0002445964
0.0002509559
0.0002521352
0.0002533944
0.0002545794
0.0002548865
0.0002013771
0.0002510988
0.0002561138
0.0002558041
0.0002515948
0.0002603159
0.0002433068
0.0002542823
0.0002450646
0.0002442523
0.0002507356
0.0002534520
0.0002540044
0.0002555242
0.0002572956
0.0002550228
0.0002608179
0.0002591093
0.0002441285
0.0002433118
0.0002329030
0.0002362441
0.0002489404
0.0002392679
0.0002519594
0.0002545186
0.0002446187
0.0002589878
0.0002468672
0.0002576681
0.0002362303
0.0002428151
0.0002405031
0.0002700547
0.0002591595
0.0002769924
0.0000222844
0.0002681687
0.0002546363
0.0002516831
0.0002708428
0.0002823266
0.0002825915
0.0002814105
0.0000298168
0.0002784503
0.0002790463
0.0002738560
0.0002754364
0.0002797972
0.0002832124
0.0002784971
0.0002810111
0.0002741877
0.0002779146
0.0000237289
0.0002734862
0.0002796887
0.0002762261
0.0002728272
0.0002639997
0.0002684954
0.0002633049
0.0002653861
0.0002581114
0.0002618175
0.0002600554
0.0002519923
0.0002514429
0.0002546216
0.0002529044
0.0002518184
0.0002521070
0.0002451607
0.0002404283
0.0002515468
0.0002438946
0.0002324683
0.0002362725
0.0002361917
0.0002301198
0.0002237148
0.0002297289
0.0002381038
0.0002253121
0.0002228630
0.0002201801
0.0002150904
0.0002221577
0.0002133546
0.0002141555
0.0002126087
0.0002136569
0.0002108933
0.0002110082
