0.0001472178
0.0001776900
0.0001816931
0.0001447419
0.0001359494
0.0001414211
0.0001407552
0.0001934404
0.0001960831
0.0001543791
0.0001946271
0.0001978468
0.0001728348
0.0002231913
0.0002271998
0.0002381588
0.0002211137
0.0002038705
0.0002098772
0.0002179013
0.0001933128
0.0002038703
0.0002153868
0.0001889193
0.0001888713
0.0002352772
0.0002054827
0.0002044976
0.0002025160
0.0002184444
0.0002172304
0.0002254912
0.0002235467
0.0002187236
0.0002197870
0.0002242347
0.0002364935
0.0002327933
0.0002355171
0.0002437857
0.0002351887
0.0002395203
0.0002457496
0.0002395796
0.0002417894
0.0002472698
0.0002413669
0.0002340480
0.0002543273
0.0002455077
0.0002506578
0.0002447372
0.0002471717
0.0002552528
0.0002539079
0.0002538925
0.0002554287
0.0002557396
0.0002018998
0.0002607558
0.0002569689
0.0002558723
0.0002538093
0.0002623322
0.0002444451
0.0002543430
0.0002491156
0.0002434066
0.0002526829
0.0002542301
0.0002553005
0.0002562930
0.0002574744
0.0002560910
0.0002607442
0.0002597603
0.0002499668
0.0002442856
0.0002333184
0.0002363786
0.0002493357
0.0002409235
0.0002529385
0.0002554892
0.0002452305
0.0002593051
0.0002481058
0.0002585023
0.0002375065
0.0002438240
0.0002411886
0.0002713790
0.0002612919
0.0002778467
0.0000223421
0.0002696464
0.0002550058
0.0002522768
0.0002724092
0.0002833248
0.0002827292
0.0002831431
0.0000298672
0.0002793058
0.0002806136
0.0002757379
0.0002765541
0.0002812877
0.0002847868
0.0002797222
0.0002819480
0.0002759022
0.0002792821
0.0000237892
0.0002746975
0.0002811108
0.0002775553
0.0002745152
0.0002658076
0.0002707133
0.0002638997
0.0002663391
0.0002633230
0.0002630306
0.0002631971
0.0002585754
0.0002532838
0.0002563469
0.0002545178
0.0002519597
0.0002487310
0.0002431148
0.0002402964
0.0002291003
0.0002383818
0.0002433003
0.0002374949
0.0002289253
0.0002313042
0.0002256223
0.0002313711
0.0002391990
0.0002273571
0.0002241670
0.0002221697
0.0002159824
0.0002231583
0.0002149690
0.0002149379
0.0002130709
0.0002146099
0.0002115594
0.0002102886
