0.0001625787
0.0001908243
0.0002004349
0.0001846761
0.0001725236
0.0001816349
0.0001796829
0.0002188785
0.0001998941
0.0002099651
0.0002242695
0.0002219813
0.0002244455
0.0002345311
0.0002385733
0.0002508209
0.0002367621
0.0002505764
0.0002531458
0.0002639728
0.0002358749
0.0002300960
0.0002526809
0.0002325358
0.0002241794
0.0002476764
0.0002330108
0.0002287607
0.0002366767
0.0002442712
0.0002409352
0.0002542113
0.0002518136
0.0002527240
0.0002515921
0.0002517331
0.0002654118
0.0002602047
0.0002695434
0.0002732870
0.0002678128
0.0002682409
0.0002702159
0.0002711586
0.0002719142
0.0002855367
0.0002735276
0.0002816204
0.0002912777
0.0002839678
0.0002852302
0.0002810359
0.0002862063
0.0002976794
0.0002935732
0.0002932954
0.0002980167
0.0002954010
0.0002258889
0.0002901553
0.0002919109
0.0002919829
0.0002792771
0.0002942771
0.0002777083
0.0002893711
0.0002807335
0.0002757020
0.0002816216
0.0002862708
0.0002871894
0.0002858996
0.0002863324
0.0002832884
0.0002887830
0.0002901104
0.0002793133
0.0002612071
0.0002505315
0.0002556607
0.0002657520
0.0002424632
0.0002707314
0.0002711046
0.0002651887
0.0002800509
0.0002634152
0.0002742477
0.0002679995
0.0002825708
0.0002816749
0.0002752774
0.0002722759
0.0002928955
0.0000270607
0.0002846170
0.0003005413
0.0002949553
0.0002881044
0.0002975031
0.0002958557
0.0002977322
0.0000365973
0.0002913962
0.0002932096
0.0002891386
0.0002898375
0.0002923875
0.0002967447
0.0002824595
0.0002833189
0.0002846920
0.0002830496
0.0002807687
0.0000249104
0.0002896043
0.0002855747
0.0002851166
0.0002752421
0.0002827766
0.0002787162
0.0002768628
0.0002728609
0.0002610080
0.0002642267
0.0002651607
0.0002637521
0.0002590393
0.0002525669
0.0002594451
0.0002327072
0.0002491765
0.0002595324
0.0002587713
0.0002621076
0.0002536680
0.0002408517
0.0002453936
0.0002460999
0.0002427498
0.0002365481
0.0002593701
0.0002526166
0.0002494543
0.0002444586
0.0002308102
0.0002325780
0.0002328778
0.0002367119
0.0002259136
0.0002403635
0.0002377773
0.0002375815
