0.0001478242
0.0001796875
0.0001362406
0.0001434138
0.0001372436
0.0001354259
0.0001383684
0.0001529296
0.0001566418
0.0001621001
0.0001989421
0.0002008480
0.0001765272
0.0001902049
0.0001944767
0.0002065702
0.0001934635
0.0002071794
0.0002146160
0.0002213016
0.0001979104
0.0002094941
0.0002186538
0.0001965080
0.0001933964
0.0002180440
0.0002006500
0.0002073981
0.0002058356
0.0002237799
0.0002228385
0.0002290704
0.0002266328
0.0002226419
0.0002226612
0.0002284430
0.0002382965
0.0002467234
0.0002402562
0.0002463609
0.0002400907
0.0002463814
0.0002515438
0.0002436466
0.0002463438
0.0002545800
0.0002467255
0.0002478021
0.0002594035
0.0002499270
0.0002539475
0.0002498911
0.0002497747
0.0002603143
0.0002544126
0.0002605540
0.0002627232
0.0002608914
0.0002011564
0.0002654875
0.0002617522
0.0002579639
0.0002579712
0.0002664693
0.0002493998
0.0002612224
0.0002540608
0.0002509252
0.0002572704
0.0002593557
0.0002614872
0.0002621283
0.0002638476
0.0002611180
0.0002655721
0.0002665619
0.0002481880
0.0002490940
0.0002370718
0.0002408202
0.0002521605
0.0002469939
0.0002586623
0.0002593461
0.0002517757
0.0002686490
0.0002532152
0.0002677967
0.0002322358
0.0002499048
0.0002465668
0.0002445467
0.0002625287
0.0002819514
0.0000229708
0.0002755116
0.0002609075
0.0002578961
0.0002818412
0.0002857973
0.0002806326
0.0002859101
0.0000315357
0.0002817152
0.0002846853
0.0002785531
0.0002747956
0.0002788263
0.0002883216
0.0002692270
0.0002739512
0.0002653998
0.0002678562
0.0000245356
0.0002783781
0.0002791907
0.0002755380
0.0002722540
0.0002685486
0.0002761029
0.0002677080
0.0002683296
0.0002675944
0.0002655596
0.0002653717
0.0002611753
0.0002557308
0.0002537990
0.0002507200
0.0002554738
0.0002571783
0.0002452667
0.0002406389
0.0002535737
0.0002497050
0.0002337023
0.0002377645
0.0002408887
0.0002352296
0.0002295266
0.0002317819
0.0002430372
0.0002279153
0.0002253664
0.0002237977
0.0002173091
0.0002147304
0.0002185262
0.0002169130
0.0002149928
0.0002160125
0.0002132170
0.0002149107
