0.0001497965
0.0001798579
0.0001835018
0.0001453761
0.0001370475
0.0001422693
0.0001302475
0.0001436199
0.0001555566
0.0001609814
0.0001593904
0.0002023046
0.0001790080
0.0001762405
0.0002282670
0.0002416648
0.0001921165
0.0002064284
0.0002125188
0.0002214945
0.0001954976
0.0002054070
0.0002173521
0.0001952009
0.0001910637
0.0002173412
0.0002058675
0.0002052408
0.0002041506
0.0002175254
0.0002177932
0.0002249289
0.0002264264
0.0002210530
0.0002201502
0.0002256573
0.0002360981
0.0002360241
0.0002375446
0.0002434296
0.0002377912
0.0002429524
0.0002472919
0.0002402148
0.0002420372
0.0002507927
0.0002416449
0.0002439412
0.0002558473
0.0002471572
0.0002511894
0.0002452852
0.0002477641
0.0002560059
0.0002538479
0.0002573088
0.0002589707
0.0002580995
0.0002027406
0.0002602612
0.0002576624
0.0002582034
0.0002526503
0.0002603761
0.0002447476
0.0002564134
0.0002488256
0.0002460258
0.0002494895
0.0002548257
0.0002554591
0.0002548480
0.0002588271
0.0002542101
0.0002606222
0.0002610187
0.0002502201
0.0002438205
0.0002332627
0.0002350549
0.0002482841
0.0002399523
0.0002512263
0.0002539277
0.0002447090
0.0002600336
0.0002455234
0.0002575719
0.0002365129
0.0002424154
0.0002413771
0.0002695466
0.0002583240
0.0002768707
0.0000222215
0.0002683662
0.0002559184
0.0002535192
0.0002712911
0.0002820854
0.0002811400
0.0002818244
0.0000310255
0.0002790040
0.0002788825
0.0002757385
0.0002751369
0.0002786798
0.0002825249
0.0002783020
0.0002804498
0.0002734229
0.0002770194
0.0000237611
0.0002732543
0.0002791475
0.0002761886
0.0002726847
0.0002639352
0.0002697477
0.0002635777
0.0002632037
0.0002625759
0.0002612118
0.0002618000
0.0002565794
0.0002513837
0.0002545340
0.0002531141
0.0002498847
0.0002503856
0.0002437510
0.0002399782
0.0002506845
0.0002445866
0.0002317344
0.0002366335
0.0002351585
0.0002299513
0.0002233301
0.0002285243
0.0002378849
0.0002255644
0.0002216433
0.0002201232
0.0002143288
0.0002210421
0.0002125871
0.0002128078
0.0002113387
0.0002126420
0.0002091573
0.0002086136
