0.0000744165
0.0000000508
0.0002004933
0.0001453608
0.0001328690
0.0001352561
0.0001378828
0.0001423138
0.0001978739
0.0001605598
0.0001981645
0.0002015793
0.0001762555
0.0001858453
0.0002294287
0.0002391451
0.0001839148
0.0002014446
0.0002108558
0.0002184523
0.0001931876
0.0002049616
0.0002151607
0.0001919815
0.0001897255
0.0002153145
0.0002036583
0.0002028573
0.0002022912
0.0002160882
0.0002194716
0.0002234983
0.0002234073
0.0002182113
0.0002187533
0.0002231596
0.0002341472
0.0002340887
0.0002355405
0.0002408802
0.0002347336
0.0002414095
0.0002448362
0.0002406359
0.0002416175
0.0002486918
0.0002401640
0.0002352226
0.0002548917
0.0002431094
0.0002490393
0.0002423258
0.0002443179
0.0002534654
0.0002515184
0.0002545619
0.0002565284
0.0002560040
0.0002015784
0.0002575704
0.0002556159
0.0002557846
0.0002502463
0.0002577025
0.0002427160
0.0002541004
0.0002466874
0.0002441964
0.0002483626
0.0002532854
0.0002540314
0.0002558942
0.0002568387
0.0002539373
0.0002583400
0.0002595046
0.0002487220
0.0002425181
0.0002318982
0.0002339022
0.0002470254
0.0002385532
0.0002509037
0.0002528806
0.0002433264
0.0002584780
0.0002443858
0.0002561019
0.0002357665
0.0002422900
0.0002406843
0.0002683839
0.0002581235
0.0002758049
0.0000220559
0.0002672763
0.0002543216
0.0002519151
0.0002705808
0.0002815390
0.0002801110
0.0002802358
0.0000306247
0.0002769009
0.0002766328
0.0002742779
0.0002731085
0.0002785842
0.0002804711
0.0002767727
0.0002788250
0.0002728098
0.0002753358
0.0000232910
0.0002706842
0.0002778237
0.0002748812
0.0002710713
0.0002621526
0.0002690124
0.0002572057
0.0002615465
0.0002553136
0.0002584543
0.0002546694
0.0002557990
0.0002559116
0.0002515840
0.0002474497
0.0002450529
0.0002512240
0.0002441667
0.0002394716
0.0002512582
0.0002443951
0.0002316615
0.0002356378
0.0002343436
0.0002295906
0.0002230242
0.0002277680
0.0002367209
0.0002241628
0.0002203211
0.0002060614
0.0002068656
0.0002197745
0.0002085818
0.0002121796
0.0002105741
0.0002044955
0.0002066288
0.0002088477
