0.0001528190
0.0001795458
0.0001956795
0.0001603709
0.0001496544
0.0001560983
0.0001558273
0.0002097507
0.0001724690
0.0001808053
0.0002099448
0.0002044045
0.0001963178
0.0002054365
0.0002104929
0.0002444721
0.0002082373
0.0002062788
0.0002272036
0.0002383092
0.0002109629
0.0002159273
0.0002281250
0.0002086886
0.0002041525
0.0002297374
0.0002156899
0.0002147505
0.0002179699
0.0002297081
0.0002276559
0.0002328066
0.0002352689
0.0002344261
0.0002331131
0.0002360965
0.0002458172
0.0002468256
0.0002515847
0.0002548900
0.0002507385
0.0002519793
0.0002621947
0.0002557121
0.0002583493
0.0002673416
0.0002568426
0.0002591532
0.0002683360
0.0002592942
0.0002656559
0.0002575352
0.0002600093
0.0002715481
0.0002670053
0.0002695470
0.0002724121
0.0002721394
0.0002131291
0.0002723410
0.0002735883
0.0002740315
0.0002673557
0.0002759457
0.0002564981
0.0002695070
0.0002626043
0.0002598813
0.0002666572
0.0002675229
0.0002680411
0.0002714252
0.0002687179
0.0002688396
0.0002714491
0.0002713792
0.0002630979
0.0002522764
0.0002414151
0.0002454513
0.0002559468
0.0002479522
0.0002625561
0.0002635562
0.0002567678
0.0002729433
0.0002544818
0.0002658609
0.0002457186
0.0002594407
0.0002584942
0.0002573006
0.0002651112
0.0002849582
0.0000234780
0.0002768596
0.0002701735
0.0002702659
0.0002839956
0.0002896211
0.0002863555
0.0002895911
0.0000325479
0.0002835979
0.0002885346
0.0002864624
0.0002815874
0.0002832013
0.0002878023
0.0002845134
0.0002875818
0.0002796245
0.0002869070
0.0000255558
0.0002819008
0.0002864352
0.0002823294
0.0002793335
0.0002639716
0.0002777275
0.0002725007
0.0002704947
0.0002722926
0.0002667755
0.0002689058
0.0002638587
0.0002579384
0.0002616996
0.0002587966
0.0002558684
0.0002577560
0.0002507203
0.0002441770
0.0002575377
0.0002494400
0.0002370324
0.0002419211
0.0002392200
0.0002353469
0.0002288354
0.0002337642
0.0002445070
0.0002303462
0.0002258978
0.0002137813
0.0002152626
0.0002239316
0.0002166976
0.0002193158
0.0002056508
0.0002092474
0.0002073738
0.0002096129
